,order_id,product,category,price,quantity,discount_pct,order_date,region,payment,rating,revenue,returned
0,1001,Keyboard,Electronics,205.99,1,35.8,2024-05-08,South,Cash,3.0,121.11,False
1,1002,Monitor,Electronics,18.61,16,19.3,2024-11-03,East,Credit Card,2.0,61.91,False
2,1003,Headphones,Books,50.58,10,22.9,2022-04-09,South,Cash,3.0,298.47,False
3,1004,Laptop,Food,24.05,16,19.5,2024-08-04,North,PayPal,5.0,106.24,False
4,1005,Headphones,Electronics,102.53,500,29.9,2022-02-05,East,PayPal,3.0,13.27,False
5,1006,Monitor,Sports,222.46,7,21.8,2022-03-12,North,Cash,4.0,221.5,False
6,1007,Phone,Home,56.4,12,2.9,2023-10-29,West,PAYPAL,4.0,8.93,False
7,1008,Laptop,Sports,138.95,9,26.8,2024-05-31,North,Cash,1.0,329.51,False
8,1009,Other,Food,68.62,6,35.3,2024-10-10,West,credit card,1.0,62.03,False
9,1010,Laptop,Sports,85.83,11,,2022-08-02,West,credit card,2.0,578.53,False
10,1011,Headphones,Books,81.21,17,15.1,2023-06-28,South,Credit Card,3.0,33.83,False
11,1012,Headphones,Clothing,30.03,4,29.2,2023-06-27,South,credit card,1.0,559.81,False
12,1013,Tablet,Electronics,31.74,3,31.6,2024-01-14,South,PayPal,3.0,38.38,True
13,1014,Monitor,Food,108.48,5,37.9,2023-03-10,East,PayPal,1.0,382.61,False
14,1015,Camera,Books,97.69,9,22.6,2024-08-12,South,PAYPAL,2.0,321.65,False
15,1016,Tablet,Home,251.02,7,16.1,2023-11-16,West,Cash,,66.35,False
16,1017,Other,Electronics,310.06,17,6.0,2024-11-04,East,PayPal,5.0,349.15,False
17,1018,Monitor,Food,68.62,15,12.5,2023-11-21,North,credit card,3.0,843.98,False
18,1019,Laptop,Food,158.2,8,31.1,2024-05-03,South,credit card,4.0,99.25,False
19,1020,Headphones,Books,55.21,3,3.0,2024-10-18,South,Credit Card,5.0,189.64,False
20,1021,Phone,Clothing,81.91,5,32.6,2023-10-05,East,PAYPAL,4.0,155.98,False
21,1022,Monitor,Books,73.59,2,28.6,2023-01-13,West,Cash,4.0,453.28,False
22,1023,Phone,Electronics,136.67,19,8.7,2022-07-19,East,Cash,5.0,226.81,False
23,1024,Headphones,Food,125.92,12,39.6,2024-07-06,North,PayPal,3.0,208.64,False
24,1025,Headphones,Food,73.54,3,7.0,2024-07-13,West,Cash,5.0,108.48,False
25,1026,Phone,Home,20.13,2,19.2,2023-02-07,East,credit card,2.0,716.99,False
26,1027,Keyboard,Home,111.17,14,28.6,2022-05-04,North,PayPal,1.0,114.27,False
27,1028,Laptop,Electronics,80.64,18,33.6,2023-09-10,South,Credit Card,3.0,729.43,False
28,1029,Tablet,Clothing,20.31,14,2.0,2023-04-12,South,Credit Card,3.0,62.51,False
29,1030,Laptop,Clothing,301.31,11,37.2,2023-12-26,West,PAYPAL,3.0,300.49,False
30,1031,Laptop,Books,86.7,15,5.1,2023-04-18,East,credit card,3.0,302.84,False
31,1032,Phone,Food,26.26,11,16.4,2022-07-23,West,Credit Card,1.0,67.94,False
32,1033,Monitor,Books,280.52,12,33.1,2024-03-22,South,Credit Card,5.0,413.33,False
33,1034,Laptop,Sports,182.61,17,36.8,2023-11-05,East,credit card,3.0,48.8,False
34,1035,Phone,Electronics,23.41,1,2.6,2022-06-07,East,PayPal,5.0,31.0,True
35,1036,Laptop,Sports,48.84,4,23.8,2023-07-03,West,PAYPAL,2.0,40.51,False
36,1037,Camera,Electronics,54.96,3,17.9,2022-10-11,West,Credit Card,2.0,12.18,False
37,1038,Monitor,Books,100.46,8,18.4,2024-05-23,South,Cash,3.0,62.13,False
38,1039,Phone,Clothing,73.28,11,9.9,2023-09-09,South,PayPal,3.0,159.56,False
39,1040,Camera,Electronics,303.38,16,12.8,2022-05-20,West,Credit Card,4.0,178.55,False
40,1041,Monitor,Home,37.63,5,4.5,2023-06-19,North,PayPal,3.0,90.39,False
41,1042,Laptop,Sports,36.26,10,24.5,2024-12-02,North,credit card,1.0,913.88,False
42,1043,Monitor,Food,41.61,2,23.9,2022-02-19,East,PayPal,2.0,405.61,False
43,1044,Keyboard,Sports,446.48,17,8.3,2024-11-14,West,Credit Card,5.0,1178.5,False
44,1045,Headphones,Clothing,82.18,15,24.6,2022-05-11,North,Cash,4.0,424.4,False
45,1046,Camera,Books,17.37,6,2.2,2024-05-19,West,Credit Card,1.0,111.73,False
46,1047,Phone,Sports,11.85,13,25.9,2023-05-02,,Credit Card,5.0,793.42,False
47,1048,Other,Food,18.42,19,30.4,2024-09-29,North,PayPal,5.0,2008.17,False
48,1049,Monitor,Clothing,25.73,7,10.2,2023-05-01,South,credit card,1.0,132.38,False
49,1050,Phone,Clothing,23.94,6,29.0,2023-04-28,East,Cash,1.0,177.17,False
50,1051,Monitor,Electronics,13.98,18,0.4,2024-11-09,South,Credit Card,3.0,952.87,False
51,1052,Tablet,Electronics,26.13,10,3.7,2024-09-05,South,Cash,3.0,50.79,False
52,1053,Phone,Sports,21.1,9,16.7,2024-10-23,South,Credit Card,1.0,383.93,True
53,1054,Camera,Food,6.48,3,18.1,2023-11-28,East,Credit Card,2.0,753.79,False
54,1055,Camera,Books,19.03,6,12.2,2023-09-05,West,Credit Card,2.0,126.64,False
55,1056,Camera,Food,99.47,6,33.2,2022-03-27,West,PayPal,4.0,270.71,False
56,1057,Tablet,Food,39.4,2,20.3,2023-07-03,East,Credit Card,3.0,72.24,False
57,1058,Headphones,Home,200.99,4,24.5,2024-04-26,South,Credit Card,5.0,368.43,False
58,1059,Camera,Home,51.17,2,39.2,2024-02-28,South,Credit Card,2.0,528.77,False
59,1060,Laptop,Food,6.06,11,33.9,2023-12-01,West,Cash,1.0,222.5,False
60,1061,Tablet,Electronics,67.84,1000,6.2,2022-06-01,West,PAYPAL,1.0,779.73,False
61,1062,Keyboard,Clothing,26.5,7,,2023-10-07,East,Credit Card,3.0,2361.84,True
62,1063,Other,Clothing,112.33,5,14.0,2023-06-25,West,Cash,4.0,320.46,False
63,1064,Headphones,Home,52.22,19,11.7,2023-05-18,East,credit card,1.0,403.43,False
64,1065,Keyboard,Sports,49.54,17,36.3,2022-07-02,North,Credit Card,2.0,64.76,False
65,1066,Phone,Food,53.54,17,20.6,2023-07-15,North,Credit Card,1.0,121.04,False
66,1067,Phone,Electronics,96.54,1,,2023-07-30,South,Credit Card,4.0,47.5,False
67,1068,Phone,Clothing,186.03,2,2.9,2022-09-18,North,credit card,3.0,670.97,False
68,1069,Tablet,Clothing,249.91,3,37.8,2023-06-18,South,Cash,5.0,63.96,False
69,1070,Headphones,Electronics,21.27,13,34.4,2024-09-18,East,Credit Card,1.0,92.92,False
70,1071,Other,Sports,39.09,15,34.7,2024-08-14,East,credit card,3.0,53.36,False
71,1072,Laptop,Food,91.44,7,,2022-05-01,North,PAYPAL,4.0,222.45,False
72,1073,Tablet,Food,60.99,15,6.1,2023-07-04,North,Credit Card,3.0,688.39,False
73,1074,Laptop,Clothing,6.86,3,33.4,2024-09-02,East,credit card,2.0,246.57,False
74,1075,Camera,Clothing,11.5,16,9.3,2024-10-22,North,Credit Card,3.0,34.79,False
75,1076,Keyboard,Sports,78.36,17,13.6,2022-12-28,West,PayPal,2.0,190.32,False
76,1077,Headphones,Clothing,9.3,11,13.8,2022-03-01,South,Credit Card,5.0,457.94,True
77,1078,Camera,Home,22.47,12,20.8,2022-07-02,North,credit card,2.0,266.77,False
78,1079,Phone,Home,92.33,2,5.2,2023-08-27,East,PayPal,3.0,412.59,True
79,1080,Monitor,Books,67.65,7,30.7,2023-03-23,West,PAYPAL,5.0,716.69,False
80,1081,Monitor,Books,34.98,11,14.9,2023-11-10,West,Credit Card,4.0,201.22,True
81,1082,Monitor,Sports,21.11,4,25.3,2024-06-25,East,PayPal,4.0,138.49,True
82,1083,Headphones,Books,61.83,10,37.7,2022-08-25,West,PayPal,2.0,127.69,False
83,1084,Headphones,Home,17.6,13,5.1,2022-11-19,South,PayPal,2.0,486.56,False
84,1085,Phone,Books,144.82,15,23.3,2023-12-10,South,PayPal,4.0,13.96,True
85,1086,Laptop,Clothing,84.12,19,0.6,2022-09-24,South,Credit Card,4.0,1241.67,False
86,1087,Keyboard,Sports,122.11,5,16.0,2022-01-05,East,Cash,5.0,185.27,False
87,1088,Phone,Sports,163.92,9,4.6,2024-12-08,North,Credit Card,2.0,4.11,False
88,1089,,Clothing,62.52,2,2.7,2024-09-02,West,PayPal,3.0,175.14,False
89,1090,Monitor,Home,141.38,19,4.0,2023-12-20,South,Credit Card,4.0,98.97,False
90,1091,Keyboard,Sports,79.13,11,8.5,2023-02-25,East,Credit Card,1.0,480.19,False
91,1092,Tablet,Clothing,84.38,12,34.1,2023-01-06,North,PayPal,5.0,858.38,False
92,1093,Laptop,Electronics,39.0,5,13.0,2022-07-13,East,PayPal,2.0,17.35,False
93,1094,Phone,Food,50.33,14,10.8,2022-02-04,East,credit card,3.0,31.51,False
94,1095,Phone,Clothing,22.62,7,37.2,2022-07-20,South,Cash,1.0,375.29,False
95,1096,Phone,Books,45.15,500,23.8,2022-10-14,West,PayPal,4.0,39.18,False
96,1097,Monitor,Clothing,279.43,2,14.6,2023-11-15,West,Cash,4.0,602.06,False
97,1098,Tablet,Clothing,37.56,12,27.3,2023-05-05,South,credit card,4.0,42.97,False
98,1099,Headphones,Electronics,112.67,3,39.7,2024-01-10,North,Credit Card,4.0,299.08,True
99,1100,Keyboard,Sports,95.04,7,28.7,2022-10-05,East,PayPal,,74.43,True
100,1101,Headphones,Sports,,5,3.1,2023-05-17,West,Credit Card,5.0,33.4,True
101,1102,Headphones,Clothing,21.89,11,13.4,2024-03-18,West,Cash,5.0,125.31,False
102,1103,Monitor,Clothing,105.0,10,1.7,2022-06-21,North,Credit Card,3.0,12.65,False
103,1104,Phone,Home,23.8,12,39.9,2024-12-12,West,Credit Card,5.0,369.28,True
104,1105,Other,Books,83.45,4,30.0,2024-01-09,East,PAYPAL,5.0,331.26,True
105,1106,Laptop,Home,29.09,11,35.9,2023-02-12,North,Credit Card,2.0,22.04,False
106,1107,Tablet,Sports,69.67,16,9.2,2022-12-09,North,Credit Card,2.0,190.08,False
107,1108,Phone,Books,14.4,11,27.4,2022-06-14,West,Credit Card,1.0,495.5,False
108,1109,Monitor,Sports,22.7,17,10.0,2024-02-14,North,Cash,5.0,118.03,False
109,1110,Headphones,Clothing,255.71,17,10.1,2024-01-27,South,Credit Card,2.0,55.07,False
110,1111,Monitor,Clothing,210.01,12,8.3,2022-02-19,South,credit card,1.0,,False
111,1112,Tablet,Sports,22.39,15,25.8,2023-12-21,East,PAYPAL,3.0,484.35,False
112,1113,Tablet,Sports,177.79,12,12.7,2024-03-01,South,Cash,2.0,56.16,False
113,1114,Laptop,Sports,17102.831397996775,18,30.8,2022-12-29,East,PayPal,3.0,2.92,False
114,1115,Headphones,Clothing,62.22,9,1.8,2022-05-12,West,Credit Card,2.0,357.43,False
115,1116,Headphones,Books,160.36,11,36.8,2022-06-12,South,credit card,1.0,177.08,False
116,1117,Keyboard,Sports,44.0,16,10.3,2023-07-05,West,Credit Card,5.0,35.9,False
117,1118,Camera,Home,209.04,18,2.5,2023-06-23,South,Credit Card,4.0,30.03,True
118,1119,Laptop,Electronics,61.9,16,29.0,2024-04-09,East,PayPal,4.0,113.98,True
119,1120,Phone,Home,24.04,17,16.7,2024-11-10,South,Credit Card,5.0,57.51,True
120,1121,Camera,Electronics,255.47,12,22.7,2024-01-27,East,Cash,2.0,65.51,False
121,1122,Keyboard,Food,11.96,12,4.7,2023-08-23,South,PAYPAL,5.0,5.85,False
122,1123,Monitor,Food,58.05,18,20.4,2023-11-20,West,Credit Card,4.0,311.04,False
123,1124,Headphones,Sports,184.28,18,26.0,2022-07-04,North,Credit Card,1.0,140.64,False
124,1125,Headphones,Clothing,25.5,4,39.9,2024-06-26,South,PayPal,4.0,68.68,True
125,1126,Monitor,Electronics,10.39,8,29.1,2024-10-19,North,Credit Card,3.0,308.11,True
126,1127,Keyboard,Sports,198.46,17,5.3,2022-10-18,East,credit card,5.0,733.23,False
127,1128,Phone,Electronics,24.29,12,21.7,2024-04-04,North,Cash,3.0,615.59,False
128,1129,Headphones,Sports,84.56,7,5.0,2022-04-16,North,Cash,2.0,702.09,True
129,1130,Tablet,Books,29.57,9,10.1,2023-10-18,South,Credit Card,2.0,37.6,False
130,1131,Keyboard,Books,59.85,15,33.6,2024-07-28,North,Credit Card,5.0,262.89,False
131,1132,Keyboard,Books,81.52,13,31.9,2024-06-11,West,Credit Card,3.0,72.97,False
132,1133,Keyboard,Books,47.63,15,24.8,2024-09-27,East,PAYPAL,5.0,592.1,False
133,1134,Headphones,Clothing,97.63,16,,2024-01-29,North,Credit Card,1.0,191.82,False
134,1135,Laptop,Home,1.59,16,22.3,2024-07-22,East,Credit Card,3.0,343.65,False
135,1136,Phone,Electronics,63.79,19,31.8,2024-03-29,West,Cash,4.0,518.5,False
136,1137,Phone,Food,95.13,18,30.7,2022-02-14,North,PAYPAL,3.0,144.39,False
137,1138,Other,Electronics,24.39,13,37.1,2023-03-19,North,PayPal,1.0,156.22,True
138,1139,Keyboard,Sports,228.13,10,27.9,2022-06-25,South,Credit Card,3.0,386.91,False
139,1140,Phone,Home,86.28,19,37.6,2022-02-10,West,Cash,2.0,101.97,False
140,1141,Keyboard,Food,34.84,15,18.5,2023-05-22,North,PayPal,4.0,355.11,False
141,1142,Camera,Home,6.8,14,22.1,2024-06-19,South,credit card,3.0,326.26,False
142,1143,Camera,Electronics,17.58,4,0.7,2024-09-19,West,Credit Card,3.0,267.86,False
143,1144,Phone,Electronics,21.52,10,,2024-03-16,North,Credit Card,4.0,105.06,False
144,1145,Camera,Books,59.08,10,34.6,2022-08-01,North,Credit Card,2.0,23.22,False
145,1146,Phone,Electronics,971.43,9,16.3,2023-02-24,East,Cash,1.0,50.71,False
146,1147,Phone,Food,22.14,1,9.3,2024-02-01,West,PayPal,5.0,438.28,False
147,1148,Keyboard,Books,44507.10631520863,5,18.2,2022-05-20,West,PayPal,2.0,350.03,False
148,1149,Laptop,Food,59.67,12,24.7,2024-10-20,West,PAYPAL,,315.44,False
149,1150,Headphones,Home,47.05,14,35.6,2023-09-01,West,PayPal,1.0,219.42,False
150,1151,Laptop,Food,143.43,5,20.1,2024-05-27,South,Credit Card,5.0,127.97,False
151,1152,Laptop,Sports,42.2,13,25.0,2022-01-19,,PAYPAL,5.0,849.51,True
152,1153,Headphones,Home,131.43,6,32.0,2023-07-25,South,credit card,3.0,212.23,False
153,1154,Other,Food,758.29,18,17.2,2024-09-26,East,PayPal,3.0,419.11,False
154,1155,Headphones,Home,45.31,8,34.2,2023-06-26,East,Credit Card,4.0,63.57,False
155,1156,Headphones,Books,,13,5.5,2024-05-29,East,PayPal,1.0,120.56,False
156,1157,Camera,Food,371.55,18,31.5,2023-01-04,North,credit card,3.0,145.2,False
157,1158,Tablet,Electronics,37.3,17,20.0,2023-06-13,North,Cash,3.0,10.47,False
158,1159,Tablet,Home,71.2,6,2.1,2023-10-19,North,Credit Card,1.0,616.66,False
159,1160,Headphones,Electronics,116.53,11,21.7,2023-08-19,West,Credit Card,3.0,458.1,False
160,1161,,Sports,77.85,2,11.5,2024-11-06,East,Cash,4.0,882.3,False
161,1162,Keyboard,Food,51.92,15,2.6,2024-07-02,South,PayPal,4.0,454.2,False
162,1163,Headphones,Sports,99.92,17,32.1,2024-09-22,East,PayPal,3.0,437.51,False
163,1164,Headphones,Sports,29.34,19,39.1,2022-08-30,North,credit card,3.0,35.27,False
164,1165,Phone,Sports,10.55,3,22.0,2023-11-14,South,Cash,5.0,771.43,False
165,1166,Laptop,Clothing,29.6,6,6.5,2022-10-02,South,PayPal,4.0,683.87,True
166,1167,Monitor,Books,23.88,6,18.0,2024-02-16,West,PayPal,5.0,292.18,False
167,1168,Camera,Books,562.3,6,5.3,2022-12-11,North,Credit Card,1.0,9.77,False
168,1169,Headphones,Clothing,34.2,18,,2022-08-19,West,Credit Card,2.0,493.79,True
169,1170,Phone,Clothing,22444.128436758583,8,39.2,2024-12-23,West,credit card,5.0,39.65,False
170,1171,Laptop,Home,14.1,8,26.2,2022-08-28,West,PayPal,1.0,75.61,False
171,1172,Keyboard,Clothing,16.33,5,19.4,2024-07-10,East,PayPal,2.0,268.25,False
172,1173,Keyboard,Books,114.53,2,28.9,2024-10-27,South,PayPal,4.0,419.31,False
173,1174,Keyboard,Books,34.52,10,1.6,2023-03-16,East,credit card,2.0,2.26,True
174,1175,Phone,Electronics,230.66,6,15.4,2022-06-16,North,PAYPAL,1.0,177.69,False
175,1176,Monitor,Electronics,245.32,7,19.8,2024-08-26,North,PayPal,5.0,124.47,True
176,1177,Keyboard,Electronics,27.54,14,28.5,2023-06-29,South,PayPal,2.0,216.58,False
177,1178,Phone,Clothing,99.83,10,22.1,2022-11-17,East,Credit Card,4.0,121.51,False
178,1179,Phone,Books,34.66,11,9.0,2023-03-22,South,PayPal,1.0,228.5,False
179,1180,Tablet,Sports,38.28,13,29.6,2024-08-30,East,Cash,4.0,433.88,False
180,1181,Phone,Food,86.48,3,37.6,2023-12-19,South,Credit Card,1.0,20.59,True
181,1182,,Home,4.46,6,7.5,2023-05-25,West,Credit Card,3.0,574.41,False
182,1183,Phone,Food,56.76,10,6.6,2023-05-16,West,credit card,4.0,287.57,False
183,1184,Tablet,Sports,165.51,9,26.8,2024-03-30,North,PayPal,3.0,,False
184,1185,Headphones,Sports,76.28,17,12.0,2022-10-10,North,PayPal,2.0,426.89,False
185,1186,Laptop,Books,29.63,4,32.0,2024-03-04,South,PayPal,4.0,117.86,False
186,1187,Keyboard,Food,54.34,17,9.9,2024-09-25,East,Cash,1.0,22.44,False
187,1188,Laptop,Sports,52.13,3,8.4,2022-04-14,South,Credit Card,5.0,213.01,False
188,1189,Camera,Home,95.15,2,13.1,2022-11-22,West,credit card,4.0,696.69,False
189,1190,Laptop,Electronics,10.71,13,35.2,2023-08-10,West,PAYPAL,5.0,340.94,False
190,1191,Phone,Sports,118.87,18,12.3,2024-08-12,East,Cash,5.0,511.76,False
191,1192,Keyboard,Clothing,66.63,5,11.7,2022-10-14,East,Credit Card,1.0,83.48,False
192,1193,Camera,Food,40.73,15,34.1,2024-11-28,West,credit card,1.0,41.79,False
193,1194,Tablet,Electronics,52.65,17,28.9,2023-10-25,West,PAYPAL,3.0,54.9,False
194,1195,Monitor,Clothing,37.53,11,37.1,2022-02-07,East,credit card,5.0,315.46,False
195,1196,Camera,Clothing,111.46,8,23.9,2023-06-13,West,PayPal,4.0,318.42,False
196,1197,Monitor,Food,154.69,4,37.8,2023-06-16,South,Cash,5.0,86.34,False
197,1198,Monitor,Home,42.62,9,9.0,2023-09-24,West,PayPal,4.0,254.95,False
198,1199,Phone,Clothing,118.73,4,,2022-10-11,North,Credit Card,1.0,211.79,False
199,1200,Tablet,Food,57.41,2,24.0,2023-08-03,North,PayPal,,227.33,False
200,1201,Tablet,Sports,48.97,12,10.6,2023-08-06,West,Cash,2.0,73.98,False
201,1202,Monitor,Home,167.54,13,27.4,2022-03-01,South,PAYPAL,5.0,358.2,False
202,1203,Headphones,Sports,83.16,6,3.9,2022-06-30,North,Credit Card,1.0,2.37,False
203,1204,Headphones,Food,28.76,14,25.1,2023-08-23,West,Credit Card,4.0,26.29,False
204,1205,Keyboard,Books,12.55,14,17.0,2024-05-27,West,PayPal,4.0,23.65,False
205,1206,Camera,Books,72.06,3,25.1,2024-09-07,East,Cash,1.0,0.89,False
206,1207,Camera,Food,20.58,2,38.7,2024-01-16,East,Credit Card,5.0,774.21,False
207,1208,Camera,Electronics,92.31,16,30.9,2022-11-20,East,credit card,2.0,147.5,False
208,1209,Laptop,Food,53.18,6,9.5,2023-12-09,West,PayPal,4.0,139.38,False
209,1210,Tablet,Electronics,128.79,6,18.9,2023-02-28,West,Credit Card,2.0,88.45,False
210,1211,Keyboard,Books,16.62,14,7.1,2023-12-23,North,PayPal,2.0,483.41,False
211,1212,Monitor,Books,13.18,16,38.6,2023-08-02,East,PayPal,4.0,118.12,False
212,1213,Keyboard,Electronics,163.85,18,33.9,2022-03-13,North,Cash,1.0,243.39,False
213,1214,Other,Home,12.35,5,11.2,2024-05-03,South,PayPal,3.0,256.33,False
214,1215,Phone,Home,82.76,19,13.3,2024-02-03,North,Credit Card,1.0,121.66,False
215,1216,Tablet,Food,356.99,18,37.0,2024-11-01,South,PayPal,2.0,279.08,True
216,1217,Other,Food,62.4,9,33.8,2024-12-01,South,Cash,2.0,104.98,False
217,1218,Tablet,Food,114.61,5,39.6,2023-11-12,North,Credit Card,5.0,911.03,False
218,1219,Tablet,Clothing,92.94,14,3.3,2024-06-10,East,Credit Card,2.0,262.4,False
219,1220,Camera,Books,462.86,7,19.7,2022-10-28,South,Credit Card,1.0,16.27,False
220,1221,Laptop,Clothing,86.79,17,25.2,2022-12-19,West,credit card,3.0,259.51,False
221,1222,Laptop,Sports,44.92,8,,2022-08-02,North,credit card,3.0,709.84,False
222,1223,Laptop,Electronics,18.45,12,29.4,2024-05-31,West,PayPal,3.0,256.01,False
223,1224,Other,Electronics,34.75,2,39.4,2023-11-10,North,credit card,2.0,11.43,False
224,1225,Laptop,Food,433.5,12,23.1,2024-12-14,North,PayPal,3.0,364.63,False
225,1226,Tablet,Home,35.9,13,33.0,2023-10-02,North,credit card,4.0,135.77,False
226,1227,Camera,Food,26.82,3,28.5,2024-02-08,East,Cash,5.0,136.55,False
227,1228,Tablet,Home,18.87,12,2.5,2023-01-08,East,PayPal,5.0,376.45,False
228,1229,Laptop,Electronics,118.94,1,1.5,2023-12-18,East,PAYPAL,5.0,115.13,False
229,1230,Tablet,Sports,14.74,6,6.9,2023-04-07,South,PAYPAL,3.0,1056.38,False
230,1231,Laptop,Sports,41.27,15,29.8,2022-01-17,East,Cash,4.0,789.39,False
231,1232,Keyboard,Sports,51.13,9,33.5,2024-09-14,West,PayPal,4.0,131.38,False
232,1233,Monitor,Electronics,162.82,15,35.6,2023-03-09,North,PAYPAL,4.0,3.73,False
233,1234,Tablet,Books,715.13,5,10.9,2023-02-02,East,Cash,3.0,237.12,True
234,1235,Camera,Home,135.73,5,34.0,2022-05-26,East,Credit Card,5.0,129.5,True
235,1236,Camera,Clothing,22.22,12,2.7,2024-01-18,South,Credit Card,5.0,3.62,True
236,1237,Monitor,Sports,78.55,10,27.6,2024-10-30,South,PayPal,3.0,56.52,False
237,1238,Monitor,Clothing,223.2,3,23.0,2022-09-08,South,credit card,1.0,60.17,False
238,1239,Camera,Books,1033.67,11,31.0,2023-01-19,East,Credit Card,4.0,280.7,False
239,1240,Camera,Books,21.4,16,1.1,2023-12-26,West,Credit Card,5.0,49.35,False
240,1241,Camera,Electronics,102.17,17,30.6,2023-08-05,West,Cash,5.0,317.51,False
241,1242,Keyboard,Books,130.52,12,11.1,2022-03-27,North,PAYPAL,4.0,547.59,False
242,1243,Monitor,Clothing,67.53,17,8.1,2022-02-11,North,PayPal,1.0,357.23,False
243,1244,Other,Sports,73.14,13,33.0,2022-10-05,West,Credit Card,4.0,74.56,True
244,1245,Phone,Books,18.55,7,14.3,2022-08-13,West,credit card,1.0,471.95,False
245,1246,Tablet,Clothing,28.69,13,27.2,2022-08-05,North,credit card,2.0,159.78,False
246,1247,Laptop,Clothing,20.29,6,18.7,2023-12-05,South,Credit Card,2.0,195.13,False
247,1248,Tablet,Food,135.64,5,19.6,2023-10-09,North,credit card,3.0,147.75,False
248,1249,Monitor,Books,27.12,4,37.9,2024-08-25,West,PAYPAL,4.0,390.71,True
249,1250,Laptop,Food,20.39,5,5.7,2022-04-14,East,PayPal,5.0,451.12,False
250,1251,Tablet,Sports,169.06,1,31.5,2022-04-30,East,Credit Card,4.0,550.04,True
251,1252,Tablet,Sports,150.09,17,13.6,2022-10-01,North,Cash,4.0,154.43,False
252,1253,Other,Home,181.14,18,6.3,2023-11-02,East,Cash,2.0,69.24,False
253,1254,Other,Clothing,90.79,13,22.5,2024-03-02,East,Cash,5.0,66.25,False
254,1255,Laptop,Food,148.88,15,28.6,2022-03-06,South,credit card,2.0,180.38,False
255,1256,Tablet,Books,257.33,7,37.6,2022-08-12,East,Cash,,501.09,False
256,1257,Headphones,Food,70.46,13,30.4,2022-09-06,East,Cash,4.0,94.63,False
257,1258,Keyboard,Books,48.7,13,34.8,2023-07-03,North,PayPal,5.0,193.52,True
258,1259,Headphones,Sports,282.98,14,25.4,2023-11-11,South,Credit Card,1.0,233.58,True
259,1260,Camera,Clothing,205.71,2,21.3,2023-07-24,South,credit card,1.0,466.23,False
260,1261,Tablet,Books,138.42,11,10.6,2024-06-23,South,Credit Card,5.0,121.56,False
261,1262,Headphones,Clothing,33.07,9,13.6,2023-07-06,South,Credit Card,4.0,78.13,False
262,1263,Keyboard,Books,308.61,5,7.0,2024-11-27,South,Cash,5.0,223.3,False
263,1264,Laptop,Electronics,33.02,6,36.3,2023-05-15,West,PayPal,1.0,665.97,False
264,1265,,Clothing,58.12,8,33.2,2022-02-25,South,Cash,2.0,433.81,False
265,1266,Laptop,Electronics,367.9,4,5.4,2024-12-12,North,PayPal,5.0,63.0,False
266,1267,Phone,Home,60.19,17,3.2,2024-03-10,West,PayPal,5.0,31.26,False
267,1268,Laptop,Sports,46.88,15,37.5,2022-07-10,East,Credit Card,2.0,407.69,False
268,1269,Phone,Food,22.3,2,21.2,2022-09-28,West,PayPal,2.0,888.11,False
269,1270,Other,Electronics,46.71,17,36.7,2023-09-03,North,Credit Card,2.0,1455.48,True
270,1271,Camera,Electronics,21.95,1,36.2,2022-12-30,North,PayPal,3.0,561.88,False
271,1272,Phone,Clothing,16.3,11,11.3,2022-01-03,South,Credit Card,3.0,960.05,False
272,1273,Other,Electronics,205.15,1,24.9,2023-09-28,West,credit card,2.0,187.8,False
273,1274,Laptop,Food,76.38,2,13.1,2022-01-01,South,PAYPAL,1.0,53.42,False
274,1275,Phone,Electronics,68.92,18,6.2,2022-10-23,South,Credit Card,5.0,52.46,False
275,1276,Monitor,Clothing,103.8,4,2.6,2023-03-05,North,Cash,4.0,277.32,False
276,1277,Laptop,Clothing,41.59,5,2.3,2022-07-04,West,Credit Card,1.0,19.72,False
277,1278,Tablet,Food,36.88,16,16.3,2022-11-10,South,PayPal,5.0,162.44,False
278,1279,Monitor,Books,58.79,19,34.6,2024-11-08,North,credit card,3.0,17.44,False
279,1280,Headphones,Books,71.43,1,24.7,2024-11-25,South,PayPal,3.0,104.8,False
280,1281,Headphones,Books,183.35,3,3.1,2023-07-25,East,Credit Card,1.0,187.49,False
281,1282,Other,Food,61.01,5,37.6,2022-02-12,East,credit card,4.0,245.29,False
282,1283,Monitor,Sports,15.36,17,36.5,2022-11-11,North,Credit Card,3.0,125.97,True
283,1284,Camera,Food,105.83,16,39.1,2024-02-01,South,Credit Card,4.0,105.06,True
284,1285,Headphones,Home,254.7,11,0.9,2024-06-16,North,credit card,2.0,113.73,False
285,1286,Headphones,Home,103.84,7,13.6,2024-07-13,West,Cash,3.0,161.64,False
286,1287,Phone,Clothing,96.11,10,18.5,2024-03-25,North,credit card,4.0,42.45,False
287,1288,Monitor,Clothing,16.11,9,2.6,2023-07-24,East,PayPal,1.0,206.33,True
288,1289,Headphones,Books,31.47,14,36.5,2023-06-16,East,PayPal,5.0,84.33,False
289,1290,Monitor,Electronics,102.19,6,35.0,2023-12-15,West,credit card,1.0,315.07,False
290,1291,Camera,Sports,40.4,13,18.9,2022-03-29,West,Credit Card,1.0,622.45,False
291,1292,Monitor,Books,35.9,1,20.7,2023-07-15,North,PayPal,4.0,270.48,False
292,1293,Phone,Books,51.4,14,18.8,2023-04-01,East,Credit Card,2.0,568.73,False
293,1294,Laptop,Electronics,21.42,12,35.7,2022-02-08,North,credit card,1.0,165.97,False
294,1295,Phone,Sports,64.92,1,28.0,2023-04-08,East,PAYPAL,3.0,251.8,False
295,1296,Keyboard,Food,122.55,16,0.3,2024-09-18,South,Credit Card,5.0,1670.43,False
296,1297,Monitor,Home,11.52,4,13.1,2024-01-02,South,PayPal,1.0,750.17,False
297,1298,Headphones,Electronics,45.6,1,28.2,2022-02-25,West,credit card,5.0,673.95,False
298,1299,Tablet,Books,258.6,8,26.4,2024-05-02,South,credit card,3.0,116.08,False
299,1300,Headphones,Food,425.14,18,29.5,2023-02-04,West,credit card,3.0,88.91,False
300,1301,Tablet,Clothing,93.1,4,39.9,2022-04-10,West,Credit Card,2.0,428.67,False
301,1302,Other,Food,19.59,16,32.1,2022-07-28,South,Cash,4.0,173.31,False
302,1303,Phone,Books,29.03,14,7.2,2023-05-23,North,PAYPAL,4.0,324.41,False
303,1304,Camera,Clothing,47.39,2,38.5,2023-11-20,North,Cash,4.0,230.86,False
304,1305,Tablet,Food,49.44,2,19.7,2022-06-26,South,Credit Card,1.0,221.15,False
305,1306,Phone,Clothing,42.7,10,22.5,2024-12-30,West,Cash,2.0,254.34,False
306,1307,Other,Books,19.11,17,12.4,2023-12-27,South,Cash,2.0,578.01,False
307,1308,Tablet,Clothing,132.22,3,11.0,2022-12-24,South,PAYPAL,2.0,131.02,False
308,1309,Headphones,Electronics,92.08,19,0.4,2024-04-29,West,PayPal,2.0,302.04,False
309,1310,Phone,Food,12.81,4,3.8,2023-09-27,North,Cash,1.0,275.35,False
310,1311,Other,Books,8.8,11,1.8,2023-09-05,North,PAYPAL,1.0,328.83,False
311,1312,Laptop,Books,75.56,2,13.8,2022-11-14,North,PayPal,2.0,613.04,False
312,1313,Camera,Food,27603.824077975827,15,30.2,2022-01-29,North,Cash,3.0,150.8,False
313,1314,Laptop,Home,42.89,14,12.2,2022-07-30,West,PayPal,1.0,862.19,False
314,1315,Tablet,Sports,35.07,7,29.2,2023-09-08,South,Credit Card,4.0,408.98,False
315,1316,Monitor,Food,798.3,1,,2023-09-06,West,Cash,3.0,705.05,False
316,1317,Headphones,Home,88.21,9,35.6,2024-07-11,East,credit card,,907.77,False
317,1318,Keyboard,Electronics,191.1,6,9.1,2024-07-08,West,PAYPAL,2.0,111.86,False
318,1319,Phone,Books,26.14,13,25.6,2022-01-01,South,Credit Card,2.0,420.82,True
319,1320,Laptop,Clothing,77.33,12,9.8,2023-04-13,South,Cash,1.0,295.08,False
320,1321,Laptop,Food,11.34,16,21.3,2022-06-13,East,Credit Card,4.0,75.94,False
321,1322,Laptop,Clothing,92.94,4,15.3,2024-04-17,South,PayPal,4.0,736.61,False
322,1323,Headphones,Electronics,172.51,6,11.6,2023-02-22,North,Credit Card,4.0,201.74,False
323,1324,Laptop,Electronics,30.81,18,10.0,2023-07-15,East,Credit Card,4.0,222.17,False
324,1325,Headphones,Home,62.63,3,28.2,2024-10-28,East,PayPal,3.0,178.0,False
325,1326,,Books,52.8,12,3.9,2024-10-02,West,Credit Card,2.0,316.12,False
326,1327,Phone,Home,22.46,11,2.2,2022-05-04,East,Cash,2.0,93.28,False
327,1328,Monitor,Home,55.6,2,12.1,2023-05-31,North,PayPal,5.0,68.32,False
328,1329,Headphones,Books,42.68,2,10.5,2023-08-06,West,Credit Card,2.0,681.84,False
329,1330,Camera,Clothing,38.4,7,35.5,2024-08-19,West,PayPal,4.0,603.65,False
330,1331,Monitor,Clothing,127.37,2,20.9,2023-07-07,North,PayPal,4.0,216.61,False
331,1332,Phone,Electronics,28.71,4,27.0,2024-12-05,North,Cash,5.0,193.61,False
332,1333,Tablet,Clothing,42.56,10,13.0,2023-11-12,North,Credit Card,2.0,586.72,False
333,1334,Other,Sports,398.18,5,33.8,2024-03-04,East,credit card,3.0,178.58,False
334,1335,Headphones,Food,184.22,1,36.8,2022-09-26,North,credit card,1.0,7.12,False
335,1336,Tablet,Books,74.58,10,18.0,2022-04-24,North,Credit Card,4.0,13.84,True
336,1337,Keyboard,Books,125.95,3,11.6,2023-11-25,West,PayPal,2.0,372.87,False
337,1338,Tablet,Books,55.12,7,2.8,2022-02-17,East,PayPal,4.0,1108.9,True
338,1339,Headphones,Sports,93.13,1,21.9,2022-12-09,East,Cash,3.0,263.95,False
339,1340,Phone,Home,13.38,12,2.7,2023-09-13,North,Credit Card,2.0,133.47,True
340,1341,Tablet,Electronics,19.79,9,38.6,2024-09-17,South,Credit Card,1.0,516.59,False
341,1342,Keyboard,Food,15.71,15,22.5,2023-10-01,East,PayPal,4.0,904.5,False
342,1343,Phone,Books,53.31,12,15.4,2022-12-01,North,PayPal,3.0,570.77,False
343,1344,Headphones,Sports,18.8,19,38.8,2023-03-30,South,PayPal,,257.97,False
344,1345,Keyboard,Food,355.05,1,37.8,2023-04-30,West,credit card,5.0,38.77,False
345,1346,Other,Books,124.25,19,4.2,2023-09-07,West,PayPal,,8.52,False
346,1347,Headphones,Home,34.61,8,8.3,2022-10-27,East,Cash,3.0,25.95,False
347,1348,Keyboard,Electronics,35.15,10,11.7,2023-12-13,South,Credit Card,2.0,196.99,False
348,1349,Keyboard,Food,138.3,5,38.9,2023-12-14,East,Cash,2.0,125.45,False
349,1350,Keyboard,Clothing,24.89,19,29.0,2023-01-18,West,credit card,1.0,649.15,False
350,1351,Other,Home,27.22,3,35.6,2024-09-11,East,credit card,3.0,150.5,False
351,1352,Laptop,Electronics,8.63,11,5.4,2024-02-09,West,Credit Card,4.0,346.37,True
352,1353,Camera,Books,97.72,18,33.6,2022-12-23,West,PAYPAL,4.0,3.65,False
353,1354,Tablet,Sports,147.9,17,19.7,2022-01-21,South,credit card,5.0,398.95,False
354,1355,Laptop,Books,6.58,1,3.9,2022-10-18,South,PAYPAL,4.0,141.97,False
355,1356,Phone,Books,59.66,14,9.9,2024-08-15,North,PayPal,2.0,608.6,False
356,1357,Monitor,Food,132.94,1,16.4,2024-10-15,North,PayPal,1.0,59.62,False
357,1358,Monitor,Food,54.38,3,20.5,2022-11-30,South,PayPal,3.0,74.95,False
358,1359,Monitor,Electronics,13.63,11,25.7,2022-05-05,East,PayPal,2.0,373.72,True
359,1360,Keyboard,Books,7.98,10,,2024-04-16,North,Cash,1.0,9.36,False
360,1361,Laptop,Electronics,66.57,10,9.0,2024-05-02,East,PayPal,3.0,105.75,True
361,1362,Other,Home,111.76,5,30.4,2022-05-28,North,PayPal,4.0,215.49,False
362,1363,Tablet,Books,21.57,8,20.9,2023-08-13,North,PayPal,4.0,141.6,False
363,1364,Phone,Food,160.92,11,26.8,2022-05-28,North,PayPal,1.0,381.35,False
364,1365,Phone,Home,155.09,13,13.4,2023-07-20,North,PayPal,5.0,195.52,False
365,1366,Headphones,Clothing,32.25,6,23.4,2024-09-05,West,Credit Card,5.0,87.83,False
366,1367,Tablet,Sports,33.1,17,37.8,2023-07-29,South,PAYPAL,3.0,154.51,False
367,1368,Monitor,Electronics,138.35,16,4.2,2022-04-14,South,credit card,5.0,254.64,False
368,1369,Other,Food,83.96,2,32.9,2024-08-06,North,Credit Card,5.0,336.57,False
369,1370,Monitor,Electronics,8.19,19,1.0,2022-05-24,East,credit card,2.0,48.66,False
370,1371,Monitor,Food,25.48,8,19.5,2024-10-05,,credit card,4.0,87.93,False
371,1372,Tablet,Clothing,17.77,4,23.7,2022-08-17,East,Credit Card,3.0,528.27,False
372,1373,Headphones,Food,44.41,6,33.1,2024-04-16,North,PayPal,2.0,29.71,False
373,1374,Headphones,Books,221.64,2,23.2,2022-09-14,West,credit card,3.0,414.68,False
374,1375,,Clothing,33.32,2,34.6,2024-04-23,North,Credit Card,3.0,437.7,False
375,1376,Tablet,Clothing,91.02,7,1.3,2022-07-06,South,Cash,3.0,420.63,False
376,1377,Keyboard,Food,23.51,12,6.6,2023-03-13,North,Credit Card,3.0,238.0,False
377,1378,Keyboard,Books,33.05,1,8.7,2022-05-21,South,PAYPAL,1.0,135.67,False
378,1379,Camera,Sports,43.45,19,2.4,2023-05-14,East,Cash,1.0,1213.96,False
379,1380,Other,Sports,27.12,13,33.8,2022-02-09,East,Credit Card,1.0,67.66,False
380,1381,Phone,Food,45.81,13,30.9,2024-07-29,North,PayPal,4.0,181.19,True
381,1382,Tablet,Books,362.74,9,10.9,2022-04-02,West,Cash,4.0,608.95,False
382,1383,Tablet,Clothing,285.38,1,35.3,2022-12-31,West,Credit Card,2.0,198.02,False
383,1384,Keyboard,Sports,155.21,17,29.0,2024-12-07,South,PAYPAL,5.0,225.17,False
384,1385,Phone,Home,6.88,17,11.2,2024-08-19,West,Credit Card,4.0,416.23,False
385,1386,Keyboard,Clothing,35.34,4,29.6,2023-05-23,East,PayPal,2.0,144.53,False
386,1387,Monitor,Books,613.47,14,0.8,2022-03-11,East,Credit Card,5.0,155.15,False
387,1388,Phone,Home,22.28,3,34.4,2023-06-11,South,Credit Card,2.0,887.65,False
388,1389,Headphones,Food,47.36,17,14.2,2023-04-24,East,PayPal,3.0,,False
389,1390,Headphones,Electronics,16.51,3,,2024-05-19,East,Cash,2.0,13.54,True
390,1391,Laptop,Home,48.96,12,10.7,2022-09-22,South,Credit Card,3.0,420.43,False
391,1392,Keyboard,Electronics,28.67,12,9.9,2024-05-08,South,Cash,2.0,1098.66,False
392,1393,Keyboard,Books,65.68,5,37.0,2023-12-09,North,Credit Card,5.0,78.05,False
393,1394,Laptop,Clothing,166.2,11,40.0,2023-04-19,West,PayPal,4.0,173.53,False
394,1395,Phone,Home,318.11,18,3.4,2024-04-06,South,credit card,3.0,82.54,False
395,1396,Headphones,Electronics,25.4,8,28.9,2023-10-26,West,PayPal,4.0,321.33,False
396,1397,Phone,Electronics,240.03,3,10.1,2024-03-04,South,PayPal,2.0,1037.71,False
397,1398,Phone,Home,39.59,8,0.2,2023-05-09,East,PayPal,2.0,726.84,False
398,1399,Laptop,Electronics,,1,11.5,2022-06-22,North,PayPal,5.0,429.43,True
399,1400,Monitor,Food,29.04,13,23.5,2022-11-02,South,PayPal,1.0,477.77,False
400,1401,Other,Books,12.02,17,18.3,2023-02-23,South,Credit Card,3.0,775.57,False
401,1402,Monitor,Books,21.31,19,30.2,2024-12-23,South,Credit Card,4.0,311.9,False
402,1403,Headphones,Home,76.38,1,17.5,2023-06-24,West,Credit Card,4.0,277.35,False
403,1404,Camera,Electronics,74.55,2,4.3,2022-05-04,North,credit card,5.0,1110.53,False
404,1405,Monitor,Home,194.61,6,23.9,2022-05-15,West,Credit Card,2.0,104.33,False
405,1406,Phone,Books,11.06,11,22.3,2024-07-22,South,Cash,3.0,356.45,False
406,1407,Laptop,Books,18.73,9,9.1,2022-03-05,East,Credit Card,4.0,64.62,False
407,1408,Headphones,Books,287.77,4,25.3,2024-03-13,North,credit card,1.0,84.41,False
408,1409,Headphones,Electronics,27.94,15,22.9,2023-01-15,West,credit card,5.0,60.35,False
409,1410,Tablet,Books,,12,37.8,2023-01-02,South,PayPal,3.0,49.0,False
410,1411,Monitor,Books,282.45,15,6.9,2022-12-09,East,Credit Card,4.0,336.57,False
411,1412,Monitor,Books,65.51,2,24.0,2023-05-04,South,credit card,2.0,213.39,False
412,1413,Tablet,Electronics,43.57,13,26.1,2022-12-09,North,credit card,3.0,942.16,False
413,1414,Headphones,Electronics,425.12,16,27.3,2024-11-24,East,PayPal,4.0,436.44,False
414,1415,Tablet,Home,25.52,19,29.4,2024-11-23,South,credit card,5.0,321.04,False
415,1416,Keyboard,Sports,98.71,3,34.1,2022-06-30,East,Credit Card,4.0,292.7,False
416,1417,Laptop,Sports,36.6,10,14.3,2023-01-17,East,PayPal,2.0,16.97,False
417,1418,Laptop,Sports,154.09,1000,39.6,2023-03-08,North,PayPal,2.0,144.38,False
418,1419,Phone,Food,4.91,8,33.7,2023-05-16,South,PayPal,4.0,338.55,False
419,1420,Keyboard,Electronics,48.82,3,28.0,2023-01-12,South,PayPal,4.0,710.85,False
420,1421,Tablet,Sports,294.95,2,4.1,2024-11-12,North,Credit Card,5.0,407.29,False
421,1422,Headphones,Food,132.87,10,32.4,2022-10-29,West,credit card,5.0,4.23,True
422,1423,Phone,Clothing,124.79,8,13.1,2023-09-15,North,PayPal,2.0,331.68,False
423,1424,Other,Sports,87.88,6,37.8,2024-10-02,West,PayPal,1.0,273.66,False
424,1425,,Food,29.28,11,9.0,2023-11-20,North,Credit Card,3.0,17.56,False
425,1426,Camera,Home,289.35,9,34.5,2024-11-17,South,credit card,5.0,523.61,False
426,1427,Laptop,Home,157.38,18,20.1,2023-08-08,,Cash,5.0,323.32,False
427,1428,Phone,Home,10.8,13,6.0,2023-06-07,North,PayPal,2.0,244.36,False
428,1429,Monitor,Books,59.1,7,15.9,2023-07-24,North,PAYPAL,2.0,198.34,False
429,1430,Keyboard,Sports,251.86,18,33.7,2022-06-11,East,PayPal,2.0,110.48,False
430,1431,Keyboard,Clothing,53.44,16,17.8,2023-04-14,North,PayPal,2.0,3.17,False
431,1432,Laptop,Clothing,58.43,13,29.2,2022-02-06,East,Cash,3.0,154.43,False
432,1433,Headphones,Books,22.71,13,7.6,2024-07-19,South,PayPal,1.0,650.22,False
433,1434,Headphones,Books,117.8,12,32.8,2023-11-14,North,Credit Card,5.0,1.17,False
434,1435,Other,Home,43.8,5,19.1,2023-12-06,South,credit card,2.0,617.08,False
435,1436,Phone,Clothing,47.96,6,38.9,2022-05-12,East,PayPal,5.0,151.76,False
436,1437,Keyboard,Food,197.69,16,18.8,2024-09-09,West,Credit Card,3.0,571.03,False
437,1438,Keyboard,Sports,58.72,5,9.2,2022-01-31,South,Cash,3.0,81.15,False
438,1439,Monitor,Books,10160.425250611232,10,,2022-11-11,West,credit card,2.0,12.19,False
439,1440,Laptop,Books,56.25,15,39.5,2023-06-28,South,PAYPAL,5.0,340.53,False
440,1441,Phone,Electronics,33.58,14,22.2,2022-09-23,North,PayPal,4.0,483.12,False
441,1442,Other,Sports,28.63,14,24.1,2024-04-27,North,PAYPAL,4.0,237.14,False
442,1443,Camera,Books,17.12,12,25.7,2024-03-19,East,Credit Card,1.0,391.78,False
443,1444,Headphones,Food,124.88,19,16.7,2022-11-19,East,Credit Card,4.0,54.64,False
444,1445,Keyboard,Clothing,117.59,2,21.5,2022-07-25,West,PayPal,2.0,1664.45,False
445,1446,Camera,Clothing,8.67,18,15.2,2023-01-28,North,Cash,1.0,376.66,False
446,1447,Phone,Electronics,33.04,8,27.5,2022-02-15,South,credit card,4.0,727.1,False
447,1448,Laptop,Sports,57.34,5,19.2,2023-02-15,South,Credit Card,2.0,27.89,True
448,1449,Laptop,Home,67.04,6,24.9,2023-10-22,West,PayPal,4.0,87.4,False
449,1450,Monitor,Sports,58.75,15,14.8,2022-03-22,East,PayPal,5.0,122.13,False
450,1451,Other,Electronics,47.32,2,23.8,2023-06-25,North,Cash,,13.66,False
451,1452,Monitor,Electronics,85.99,6,2.9,2023-04-01,East,credit card,1.0,528.96,True
452,1453,Headphones,Home,3.68,17,22.1,2024-07-29,East,Credit Card,1.0,253.8,False
453,1454,Headphones,Food,483.52,14,24.7,2022-09-09,South,Cash,1.0,289.14,False
454,1455,Tablet,Food,118.08,14,26.9,2022-02-23,South,PAYPAL,1.0,19.42,False
455,1456,Tablet,Sports,516.97,7,37.2,2024-11-08,South,PayPal,3.0,195.35,False
456,1457,Laptop,Books,73.47,6,38.2,2023-12-10,East,Credit Card,4.0,939.34,True
457,1458,Keyboard,Clothing,42.23,2,36.0,2024-04-12,East,Credit Card,4.0,4.62,False
458,1459,Other,Sports,220.53,1000,30.5,2024-11-13,East,Cash,4.0,590.12,False
459,1460,Phone,Home,84.82,6,7.8,2024-07-26,North,PayPal,5.0,17.27,False
460,1461,Headphones,Food,261.67,5,26.4,2023-03-07,North,PayPal,2.0,309.84,False
461,1462,Monitor,Sports,126.53,5,30.5,2024-11-18,South,Credit Card,3.0,149.52,False
462,1463,Phone,Books,31.66,8,28.5,2023-10-18,South,PayPal,3.0,251.94,False
463,1464,Camera,Food,37.96,19,2.3,2022-02-22,West,credit card,2.0,263.61,False
464,1465,Phone,Home,38.58,4,37.1,2023-11-22,North,Credit Card,1.0,458.14,False
465,1466,Phone,Books,386.4,12,34.1,2022-10-27,North,Cash,1.0,5.81,False
466,1467,Tablet,Clothing,111.94,9,37.3,2024-01-01,East,Credit Card,2.0,348.42,False
467,1468,Monitor,Home,52.87,8,32.7,2022-05-23,South,PayPal,2.0,228.71,False
468,1469,Camera,Books,74.47,10,36.3,2024-04-18,South,PayPal,4.0,327.95,False
469,1470,Monitor,Clothing,114.85,10,32.3,2022-05-10,West,Cash,1.0,304.35,False
470,1471,Monitor,Books,30.08,14,2.8,2022-05-21,South,Cash,4.0,94.05,False
471,1472,Laptop,Books,11.35,17,,2024-08-02,South,Cash,1.0,171.9,False
472,1473,Camera,Clothing,166.38,2,26.8,2024-09-03,East,credit card,5.0,221.57,False
473,1474,Tablet,Food,27.87,16,27.8,2023-03-13,East,Cash,2.0,23.7,False
474,1475,Tablet,Home,187.11,12,23.4,2023-06-09,West,Cash,1.0,420.63,False
475,1476,Headphones,Sports,56.12,15,34.7,2024-05-31,West,PayPal,4.0,57.61,False
476,1477,Tablet,Food,157.17,8,29.2,2023-05-02,North,Credit Card,5.0,56.29,False
477,1478,Phone,Home,148.06,17,35.0,2023-09-16,East,Credit Card,2.0,256.54,False
478,1479,Monitor,Sports,6.91,10,21.8,2024-06-20,West,credit card,4.0,26.29,False
479,1480,Monitor,Food,8.71,18,30.4,2023-01-05,North,Credit Card,1.0,494.78,False
480,1481,Laptop,Home,98.11,17,2.3,2023-03-06,East,Credit Card,3.0,294.11,False
481,1482,Camera,Home,40.74,9,29.2,2024-05-10,South,Credit Card,,545.07,False
482,1483,Laptop,Food,25.82,13,8.5,2023-12-22,West,PAYPAL,5.0,383.96,False
483,1484,Camera,Electronics,189.72,17,17.5,2024-10-27,West,PAYPAL,2.0,172.53,False
484,1485,Camera,Home,41.16,6,38.6,2022-03-13,South,Credit Card,5.0,124.68,False
485,1486,Camera,Food,45.81,3,25.3,2022-07-21,East,PayPal,4.0,242.63,False
486,1487,Camera,Books,131.29,10,5.7,2023-01-08,West,Cash,3.0,509.21,False
487,1488,Headphones,Home,324.76,8,27.7,2022-10-30,East,PayPal,2.0,515.37,False
488,1489,Headphones,Food,79.5,11,35.9,2022-07-28,West,Credit Card,5.0,87.38,False
489,1490,Tablet,Home,90.34,17,29.0,2023-02-23,North,Credit Card,4.0,22.9,False
490,1491,Laptop,Books,42.63,11,2.7,2022-06-20,South,credit card,1.0,42.87,True
491,1492,Tablet,Food,20.44,6,27.9,2022-09-10,South,PayPal,5.0,79.58,False
492,1493,Laptop,Electronics,197.22,11,20.2,2023-10-22,South,PAYPAL,1.0,248.36,False
493,1494,Headphones,Books,24.34,16,12.7,2023-05-26,East,Credit Card,4.0,424.87,False
494,1495,Laptop,Food,32.29,4,21.0,2023-04-21,East,PAYPAL,2.0,232.1,True
495,1496,Other,Electronics,25.69,2,11.5,2022-06-09,West,credit card,,215.56,False
496,1497,Monitor,Books,83.29,11,37.0,2024-07-21,South,Cash,2.0,261.53,False
497,1498,Other,Electronics,15.52,13,25.5,2024-07-23,South,Cash,4.0,93.58,False
498,1499,,Home,5.58,14,27.8,2024-03-23,North,PAYPAL,1.0,271.24,False
499,1500,Other,Food,26.78,16,39.4,2022-07-31,West,Cash,1.0,278.92,False
500,1501,Monitor,Sports,10.69,13,31.7,2023-03-18,North,credit card,5.0,621.44,True
501,1502,Keyboard,Food,229.3,2,24.1,2022-04-11,South,credit card,1.0,179.14,False
502,1503,Camera,Food,13.43,11,9.8,2023-11-22,North,PAYPAL,2.0,63.88,False
503,1504,Phone,Electronics,144.99,19,29.3,2024-07-28,East,Credit Card,2.0,122.82,False
504,1505,Phone,Electronics,48.17,2,34.5,2022-06-05,East,Credit Card,1.0,335.55,False
505,1506,Camera,Home,131.95,16,2.2,2023-09-14,East,credit card,1.0,201.67,False
506,1507,Monitor,Home,76.38,6,38.2,2024-01-30,North,Credit Card,1.0,315.77,False
507,1508,Laptop,Books,15.27,2,39.7,2023-01-21,North,credit card,2.0,248.43,False
508,1509,Phone,Clothing,51.5,8,13.0,2022-05-19,West,Cash,2.0,1183.42,False
509,1510,Phone,Sports,200.56,19,5.7,2024-12-31,East,PAYPAL,3.0,177.36,False
510,1511,Laptop,Food,58.51,4,24.6,2024-10-27,East,Credit Card,4.0,145.31,False
511,1512,Camera,Home,93.05,11,28.5,2023-11-27,South,Credit Card,5.0,234.59,False
512,1513,Phone,Sports,65.62,19,22.0,2022-01-20,South,PayPal,5.0,46.64,False
513,1514,Monitor,Sports,194.92,16,37.0,2022-03-29,North,Credit Card,2.0,329.08,False
514,1515,Laptop,Sports,63.99,13,0.8,2024-03-20,West,PayPal,4.0,661.49,False
515,1516,Keyboard,Electronics,23.76,13,36.2,2024-07-16,North,Cash,4.0,189.75,False
516,1517,Camera,Food,729.65,1,21.3,2023-07-17,West,Cash,1.0,64.44,False
517,1518,Monitor,Books,139.17,10,6.3,2022-03-09,North,credit card,5.0,343.43,False
518,1519,Keyboard,Sports,44.66,2,29.8,2023-12-30,East,Cash,5.0,409.67,False
519,1520,Camera,Home,14.56,9,36.1,2024-01-02,East,PayPal,5.0,359.01,False
520,1521,Headphones,Home,51.72,12,25.2,2022-01-15,East,PayPal,3.0,18.39,False
521,1522,Phone,Sports,48.64,11,18.4,2024-02-20,North,PayPal,4.0,74.69,False
522,1523,Laptop,Food,19.23,8,12.4,2024-08-18,East,PayPal,3.0,40.6,False
523,1524,Other,Food,48.71,1,11.0,2023-03-16,South,credit card,3.0,224.77,False
524,1525,Monitor,Books,29.53,2,21.1,2023-03-05,East,Cash,2.0,1.66,True
525,1526,Headphones,Books,72.84,19,26.5,2023-11-02,West,PAYPAL,4.0,,False
526,1527,Tablet,Sports,17.93,13,22.6,2024-05-07,North,Credit Card,2.0,630.66,False
527,1528,Tablet,Clothing,78.53,5,29.7,2022-04-10,,Cash,4.0,4.42,False
528,1529,Phone,Electronics,31.12,19,29.6,2022-10-08,North,Credit Card,3.0,966.6,False
529,1530,Camera,Home,40.6,5,13.9,2023-02-03,West,credit card,5.0,151.58,False
530,1531,Headphones,Electronics,429.3,9,18.9,2024-12-08,South,Credit Card,2.0,49.22,False
531,1532,Laptop,Food,43.36,1,27.4,2024-11-27,South,Credit Card,1.0,99.16,False
532,1533,Monitor,Books,22071.366208925334,6,9.5,2024-06-24,East,PayPal,5.0,990.56,False
533,1534,Keyboard,Sports,93.84,19,14.3,2022-06-11,East,Credit Card,4.0,417.77,False
534,1535,Camera,Books,143.11,4,25.1,2023-04-08,South,Cash,3.0,357.27,False
535,1536,Tablet,Food,2.66,11,37.4,2022-09-04,South,PAYPAL,1.0,86.76,True
536,1537,Monitor,Electronics,68.85,15,7.5,2024-02-04,West,PAYPAL,4.0,61.07,False
537,1538,Tablet,Books,111.98,14,12.3,2023-01-16,West,Credit Card,2.0,61.87,False
538,1539,Phone,Books,12.3,16,1.4,2024-10-07,East,Credit Card,5.0,18.31,False
539,1540,Monitor,Electronics,108.07,14,37.5,2023-03-20,North,PayPal,2.0,220.26,False
540,1541,Laptop,Books,43.67,4,32.3,2024-04-08,East,credit card,5.0,1653.15,False
541,1542,Camera,Clothing,86.71,6,31.1,2023-02-07,West,Credit Card,4.0,178.4,False
542,1543,Headphones,Electronics,205.97,6,20.6,2023-10-11,West,Cash,2.0,236.79,False
543,1544,Tablet,Books,50.17,12,37.1,2022-08-14,North,Credit Card,,1353.05,False
544,1545,Tablet,Books,86.44,10,1.2,2023-03-02,South,PAYPAL,4.0,33.53,False
545,1546,Monitor,Sports,96.41,7,22.9,2024-10-21,South,Cash,3.0,59.56,False
546,1547,Headphones,Food,341.7,12,2.5,2022-03-19,North,Credit Card,4.0,353.51,False
547,1548,Other,Food,,18,15.4,2024-12-11,South,PayPal,4.0,14.32,True
548,1549,Phone,Electronics,26.51,13,29.5,2022-02-24,East,Credit Card,1.0,244.67,False
549,1550,Camera,Clothing,63.3,1,21.2,2022-07-19,East,PAYPAL,2.0,171.32,False
550,1551,Phone,Sports,16.32,9,31.0,2024-11-07,West,PayPal,4.0,56.65,False
551,1552,Camera,Food,86.41,15,31.8,2023-08-24,West,Credit Card,3.0,1124.54,False
552,1553,Phone,Food,142.61,19,38.0,2022-12-25,East,Cash,1.0,60.31,False
553,1554,Monitor,Clothing,38.41,3,0.2,2022-12-14,West,PayPal,3.0,595.29,False
554,1555,Headphones,Clothing,63.56,4,13.0,2023-08-09,North,PayPal,4.0,401.08,False
555,1556,Headphones,Sports,57.11,19,26.3,2024-02-05,South,Cash,3.0,278.37,False
556,1557,Monitor,Electronics,329.92,12,0.2,2022-07-30,South,PayPal,2.0,856.02,False
557,1558,Other,Sports,123.01,12,31.5,2024-11-29,East,PayPal,2.0,168.63,False
558,1559,Keyboard,Food,77.0,9,39.1,2023-07-07,West,Credit Card,3.0,65.47,False
559,1560,Headphones,Food,44.19,11,6.8,2022-07-04,North,credit card,3.0,222.67,False
560,1561,Phone,Home,59.94,9,34.7,2023-02-12,West,Cash,1.0,362.62,False
561,1562,Laptop,Food,210.22,11,27.9,2022-01-07,North,Credit Card,3.0,63.43,False
562,1563,Keyboard,Electronics,151.07,12,7.2,2023-12-20,West,Credit Card,1.0,4.48,False
563,1564,Monitor,Electronics,13.09,3,31.0,2024-06-18,East,credit card,5.0,246.14,False
564,1565,Phone,Home,65.4,9,19.9,2022-09-16,North,Cash,3.0,161.94,False
565,1566,Phone,Books,21.8,17,38.4,2022-04-10,East,Credit Card,5.0,339.29,False
566,1567,Camera,Books,40.07,1,4.9,2023-10-18,South,Credit Card,4.0,95.8,False
567,1568,Laptop,Sports,61.85,17,23.6,2022-04-23,West,Cash,2.0,49.76,False
568,1569,Tablet,Sports,229.75,10,21.6,2023-12-31,North,credit card,1.0,393.62,False
569,1570,Laptop,Electronics,10.23,17,17.5,2024-07-17,West,credit card,1.0,434.05,False
570,1571,Phone,Books,23.98,1,33.9,2024-05-16,East,Cash,4.0,531.6,False
571,1572,Camera,Electronics,64.78,16,25.4,2023-07-02,North,Credit Card,2.0,56.0,False
572,1573,Phone,Food,30.6,11,10.7,2024-03-22,West,PayPal,1.0,275.5,False
573,1574,Phone,Clothing,14.47,12,19.7,2023-11-22,West,PayPal,3.0,605.28,False
574,1575,Tablet,Electronics,30.41,6,7.5,2022-12-07,South,credit card,3.0,945.35,False
575,1576,Headphones,Clothing,53.68,5,36.7,2024-05-12,North,PAYPAL,1.0,349.85,False
576,1577,Phone,Electronics,109.25,8,23.3,2022-09-12,South,credit card,4.0,25.47,False
577,1578,Monitor,Food,10.84,4,7.9,2022-10-14,West,Cash,1.0,34.28,False
578,1579,Laptop,Books,21.61,9,2.7,2022-01-26,East,PAYPAL,2.0,386.25,True
579,1580,Tablet,Home,150.96,11,39.5,2022-08-14,North,PAYPAL,2.0,882.32,False
580,1581,Laptop,Electronics,5.6,4,24.1,2023-01-25,West,PayPal,5.0,122.99,False
581,1582,Tablet,Food,21.18,7,18.6,2022-07-18,South,Credit Card,,648.83,False
582,1583,Laptop,Books,127.24,11,24.1,2023-04-04,West,Cash,4.0,580.81,False
583,1584,Other,Clothing,22.15,4,11.5,2022-05-26,South,PAYPAL,2.0,21.54,False
584,1585,Laptop,Books,50.33,19,18.2,2023-04-01,East,credit card,1.0,790.68,False
585,1586,Keyboard,Sports,227.96,15,33.5,2023-01-08,South,credit card,5.0,70.16,False
586,1587,Laptop,Sports,132.87,1,0.6,2023-05-30,South,credit card,3.0,464.44,False
587,1588,Tablet,Food,109.86,1,7.8,2024-08-23,West,Cash,1.0,64.73,False
588,1589,Headphones,Sports,43.59,12,29.2,2022-06-08,East,PayPal,5.0,20.75,False
589,1590,Phone,Food,55.09,4,12.1,2023-06-28,South,credit card,4.0,98.42,False
590,1591,Camera,Sports,24.72,7,6.6,2023-10-29,North,Credit Card,3.0,367.34,False
591,1592,Monitor,Books,35.63,19,1.3,2023-08-25,West,credit card,4.0,181.66,False
592,1593,Laptop,Food,20.31,12,27.7,2024-12-25,East,Credit Card,,533.54,False
593,1594,Phone,Electronics,76.99,4,11.6,2022-01-26,West,credit card,3.0,1.58,False
594,1595,Monitor,Food,15.77,11,7.4,2024-06-29,West,Credit Card,2.0,800.71,False
595,1596,Camera,Books,84.56,9,30.4,2022-11-05,South,PayPal,2.0,129.03,False
596,1597,Laptop,Food,70.05,11,31.6,2022-03-30,South,Credit Card,5.0,390.89,False
597,1598,Phone,Books,41.98,9,37.9,2024-01-02,South,credit card,3.0,81.39,False
598,1599,Monitor,Food,102.74,1,5.9,2022-04-16,East,PayPal,3.0,1425.92,False
599,1600,Headphones,Food,24.81,6,39.9,2022-12-05,West,Credit Card,2.0,385.7,False
600,1601,Headphones,Clothing,52.46,7,38.2,2022-06-11,East,Credit Card,2.0,72.14,False
601,1602,Keyboard,Sports,35.29,19,23.7,2022-12-09,West,PayPal,1.0,839.72,False
602,1603,Phone,Electronics,31.25,19,20.4,2024-06-23,South,PayPal,5.0,210.61,False
603,1604,Keyboard,Books,54.39,4,4.6,2024-08-14,South,Credit Card,5.0,57.33,False
604,1605,Headphones,Food,30.94,12,1.7,2022-07-02,East,PayPal,4.0,290.75,False
605,1606,Keyboard,Clothing,100.05,4,6.7,2023-09-28,North,Cash,1.0,732.36,False
606,1607,Keyboard,Sports,164.6,1,14.7,2023-04-03,West,credit card,2.0,371.22,False
607,1608,Camera,Books,35.41,17,38.3,2022-08-31,North,Credit Card,5.0,317.98,False
608,1609,Laptop,Books,109.41,9,0.9,2022-11-25,East,Credit Card,4.0,1064.5,False
609,1610,Laptop,Food,34.24,19,14.9,2023-07-12,East,Credit Card,5.0,282.1,False
610,1611,Camera,Books,98.14,9,9.5,2022-03-05,East,Credit Card,5.0,76.25,False
611,1612,Tablet,Sports,146.93,7,32.7,2024-09-26,South,PayPal,2.0,140.92,False
612,1613,Keyboard,Electronics,19.37,9,4.1,2024-08-12,East,PayPal,4.0,354.47,False
613,1614,Tablet,Clothing,150.25,4,28.8,2024-03-24,West,Credit Card,3.0,372.08,False
614,1615,Tablet,Sports,21.12,2,15.2,2022-11-05,North,credit card,3.0,600.33,False
615,1616,Headphones,Sports,28.92,13,1.7,2022-11-13,East,PayPal,3.0,282.0,False
616,1617,Phone,Sports,6.79,17,33.8,2022-03-02,East,PayPal,4.0,917.5,False
617,1618,Monitor,Electronics,99.6,14,33.6,2024-05-07,North,credit card,1.0,100.67,True
618,1619,Headphones,Home,57.14,9,24.2,2022-12-27,West,Credit Card,2.0,156.54,True
619,1620,Other,Books,9.38,19,22.9,2024-11-10,East,credit card,4.0,203.32,False
620,1621,Laptop,Books,102.72,15,25.7,2024-12-02,East,Credit Card,2.0,8.51,False
621,1622,Monitor,Sports,5.47,12,18.2,2022-04-05,East,Cash,3.0,869.84,False
622,1623,Monitor,Electronics,277.75,13,26.7,2023-06-08,North,Credit Card,3.0,76.19,False
623,1624,Phone,Sports,49.88,3,4.4,2022-06-07,South,credit card,2.0,276.22,True
624,1625,Keyboard,Books,17.67,19,20.5,2023-01-23,North,PayPal,5.0,141.27,False
625,1626,Keyboard,Food,143.1,4,9.2,2024-10-03,North,Credit Card,2.0,131.67,False
626,1627,Camera,Books,47.13,13,28.2,2023-11-10,West,Credit Card,2.0,224.19,False
627,1628,Camera,Clothing,29.27,2,25.9,2022-08-02,North,Cash,4.0,492.77,False
628,1629,Headphones,Electronics,46.03,17,31.8,2022-07-17,North,PayPal,4.0,1827.43,False
629,1630,Tablet,Clothing,71.0,19,18.3,2023-01-27,North,credit card,,131.61,False
630,1631,Keyboard,Clothing,18.91,18,22.1,2024-05-28,East,Cash,1.0,724.28,False
631,1632,Monitor,Books,146.86,8,1.8,2024-12-02,West,Credit Card,5.0,154.91,False
632,1633,Laptop,Food,29887.872458428898,13,14.2,2024-09-22,South,credit card,2.0,1166.45,False
633,1634,Laptop,Books,40.23,7,21.9,2023-10-30,North,Credit Card,4.0,477.58,False
634,1635,Camera,Books,3.85,7,22.0,2023-03-08,North,Credit Card,1.0,81.71,False
635,1636,Tablet,Clothing,385.49,6,0.1,2023-10-06,North,Cash,2.0,138.48,False
636,1637,Monitor,Electronics,99.42,7,19.7,2022-06-26,North,credit card,4.0,563.11,False
637,1638,Monitor,Clothing,140.31,5,15.1,2023-03-22,North,Credit Card,2.0,701.52,False
638,1639,Phone,Home,36.04,3,7.9,2023-09-18,East,PayPal,3.0,346.77,False
639,1640,Keyboard,Sports,48.13,19,11.6,2023-07-12,West,Cash,3.0,244.4,False
640,1641,Monitor,Home,15.81,6,37.8,2023-02-02,East,Cash,4.0,46.2,False
641,1642,Laptop,Electronics,44.01,5,21.5,2024-05-29,West,PAYPAL,3.0,356.21,False
642,1643,Headphones,Clothing,94.52,2,13.9,2023-08-30,East,credit card,3.0,86.23,True
643,1644,Monitor,Home,553.23,1,10.5,2024-04-14,South,Credit Card,5.0,211.42,False
644,1645,Monitor,Clothing,131.92,16,13.0,2023-09-04,South,Credit Card,2.0,74.34,False
645,1646,Other,Home,72.84,16,21.8,2023-12-21,East,Credit Card,5.0,184.5,False
646,1647,Phone,Books,40.42,4,5.6,2022-12-02,North,Credit Card,5.0,17.37,True
647,1648,Tablet,Clothing,46.64,2,17.4,2024-06-10,North,Cash,1.0,702.3,False
648,1649,Keyboard,Clothing,38.55,1,39.6,2022-12-29,East,credit card,1.0,478.13,False
649,1650,Phone,Clothing,40.96,4,1.6,2023-05-14,North,PAYPAL,1.0,275.87,False
650,1651,Other,Sports,141.29,10,10.8,2024-01-14,East,credit card,3.0,271.21,False
651,1652,Headphones,Clothing,50.08,11,18.0,2023-03-14,North,PayPal,1.0,504.02,True
652,1653,Phone,Home,42.06,4,10.3,2024-04-20,North,PayPal,2.0,150.66,False
653,1654,Other,Electronics,19.9,13,10.4,2024-09-23,,Credit Card,3.0,91.6,False
654,1655,Keyboard,Home,60.13,3,35.8,2022-03-14,South,credit card,5.0,958.63,False
655,1656,Tablet,Food,91.11,11,19.0,2023-11-04,East,Credit Card,2.0,109.93,False
656,1657,Other,Clothing,44.79,9,32.5,2024-04-15,East,Credit Card,5.0,431.93,False
657,1658,Phone,Sports,42.91,13,36.3,2022-08-22,West,PayPal,3.0,636.67,True
658,1659,Headphones,Clothing,15.73,5,1.1,2023-08-30,West,PAYPAL,4.0,797.28,False
659,1660,Keyboard,Books,10.34,14,2.1,2022-10-30,South,credit card,1.0,99.04,True
660,1661,Headphones,Clothing,25.78,19,36.9,2022-05-09,North,credit card,4.0,442.97,False
661,1662,Monitor,Books,309.27,3,24.9,2024-10-10,North,credit card,3.0,83.19,False
662,1663,Monitor,Electronics,225.02,3,1.8,2024-07-26,East,Credit Card,2.0,38.95,False
663,1664,Laptop,Electronics,67.14,6,38.7,2023-12-03,North,PAYPAL,3.0,117.17,False
664,1665,Headphones,Home,,7,13.3,2024-03-16,West,PayPal,,486.05,False
665,1666,Laptop,Books,15.58,9,40.0,2023-03-30,East,Credit Card,4.0,0.28,False
666,1667,Tablet,Electronics,9.53,4,39.2,2023-04-03,,credit card,5.0,18.59,False
667,1668,Tablet,Food,161.79,14,11.7,2024-02-28,North,Cash,2.0,175.83,True
668,1669,Camera,Home,55.58,16,8.5,2023-09-29,North,Cash,1.0,36.56,False
669,1670,Phone,Sports,69.05,14,5.2,2024-09-03,West,Cash,5.0,80.69,False
670,1671,Camera,Electronics,47.29,3,31.3,2023-11-30,West,Cash,3.0,156.88,False
671,1672,Laptop,Clothing,96.98,13,18.3,2024-05-09,East,PayPal,4.0,273.89,False
672,1673,Headphones,Clothing,65.13,5,38.7,2024-08-17,North,Cash,2.0,530.82,False
673,1674,Laptop,Clothing,117.82,18,13.8,2023-04-09,East,credit card,2.0,77.31,False
674,1675,Camera,Clothing,40.21,9,8.0,2023-08-17,West,credit card,4.0,112.36,False
675,1676,Keyboard,Books,21.81,14,11.3,2022-05-13,East,PayPal,2.0,28.28,False
676,1677,Other,Electronics,53.38,14,13.1,2024-03-10,North,PayPal,2.0,278.24,False
677,1678,Laptop,Books,89.68,18,23.0,2022-11-21,North,PAYPAL,5.0,691.79,False
678,1679,Phone,Books,18.42,17,18.9,2023-07-01,East,Credit Card,5.0,29.05,False
679,1680,Monitor,Clothing,61.87,17,39.4,2022-05-24,North,Credit Card,2.0,104.28,False
680,1681,Phone,Electronics,124.9,9,9.4,2024-12-20,North,Credit Card,2.0,1065.43,False
681,1682,Phone,Electronics,34.28,4,11.5,2023-11-13,East,Credit Card,5.0,259.72,False
682,1683,Camera,Food,173.58,10,38.8,2023-07-10,North,PayPal,1.0,53.79,False
683,1684,Keyboard,Clothing,98.75,19,8.2,2024-12-23,West,PAYPAL,1.0,194.92,False
684,1685,Phone,Sports,329.24,4,32.8,2023-05-29,South,Cash,3.0,148.59,False
685,1686,Tablet,Electronics,171.18,19,2.3,2022-03-24,South,Cash,2.0,120.58,False
686,1687,Headphones,Electronics,473.01,2,29.0,2024-08-27,West,Cash,4.0,161.22,False
687,1688,Keyboard,Electronics,110.51,17,1.1,2023-06-14,North,PayPal,1.0,303.81,False
688,1689,Tablet,Books,26.61,12,19.7,2022-03-24,East,Cash,2.0,75.8,False
689,1690,Headphones,Books,64.99,19,32.0,2023-04-21,North,Credit Card,3.0,92.68,False
690,1691,Laptop,Food,31.29,13,13.3,2022-01-24,East,Credit Card,5.0,205.1,False
691,1692,Tablet,Clothing,26.58,7,29.4,2023-12-12,North,PayPal,5.0,129.94,False
692,1693,Monitor,Food,153.4,13,24.2,2022-12-20,West,PAYPAL,1.0,217.91,True
693,1694,Camera,Clothing,19.79,17,37.5,2022-09-18,North,Credit Card,1.0,5.72,False
694,1695,Monitor,Food,10.34,14,37.4,2024-05-24,West,credit card,2.0,709.41,False
695,1696,Camera,Books,228.92,2,8.9,2023-05-16,North,Cash,3.0,103.28,False
696,1697,Laptop,Home,79.5,12,20.3,2024-02-29,North,Credit Card,5.0,29.4,True
697,1698,Other,Sports,44.42,10,8.0,2022-02-16,East,PayPal,,612.14,False
698,1699,Other,Electronics,78.53,1,8.2,2022-07-15,North,credit card,1.0,120.47,False
699,1700,Headphones,Sports,14.48,8,30.5,2024-07-18,West,credit card,1.0,434.07,True
700,1701,Camera,Electronics,78.58,15,18.3,2023-07-26,West,PayPal,4.0,40.17,False
701,1702,Camera,Food,16.07,13,22.5,2023-11-21,North,PayPal,5.0,22.35,False
702,1703,Phone,Clothing,42.49,8,28.5,2023-07-13,South,Credit Card,1.0,5.29,True
703,1704,Camera,Food,108.51,17,2.9,2022-09-12,West,credit card,3.0,814.73,False
704,1705,Keyboard,Books,79.47,4,32.0,2024-01-02,East,Credit Card,5.0,255.95,False
705,1706,Keyboard,Electronics,32.03,15,34.3,2022-06-19,South,Credit Card,1.0,149.01,False
706,1707,Other,Books,25.84,9,28.2,2023-01-03,South,PayPal,1.0,1033.82,False
707,1708,Phone,Food,182.61,14,13.7,2022-12-03,South,Credit Card,3.0,962.62,False
708,1709,Other,Home,197.87,8,2.2,2024-07-16,East,PayPal,2.0,902.47,False
709,1710,Other,Sports,119.7,4,27.0,2023-10-25,West,PayPal,5.0,15.77,True
710,1711,Camera,Home,71.52,4,3.0,2022-01-10,South,Credit Card,1.0,21.0,False
711,1712,,Food,128.96,19,8.1,2023-08-29,East,PayPal,1.0,9.05,False
712,1713,Laptop,Books,31.63,12,12.2,2023-08-03,North,credit card,3.0,355.21,True
713,1714,Tablet,Sports,48.93,14,30.8,2023-12-15,South,PAYPAL,3.0,784.59,False
714,1715,Camera,Food,344.15,8,29.8,2022-06-03,West,Cash,3.0,246.45,False
715,1716,Headphones,Clothing,64.45,13,3.5,2024-11-11,West,PayPal,4.0,738.51,False
716,1717,Phone,Sports,33.04,1,28.6,2024-07-26,East,Credit Card,4.0,54.99,False
717,1718,Tablet,Electronics,141.91,10,18.5,2022-04-23,North,PayPal,5.0,76.26,False
718,1719,Monitor,Clothing,78.52,14,9.5,2022-02-01,East,PayPal,5.0,522.95,False
719,1720,Tablet,Sports,31.38,18,33.5,2022-06-30,West,Cash,3.0,339.51,False
720,1721,Camera,Sports,83.42,9,30.3,2023-09-24,North,Credit Card,1.0,467.11,False
721,1722,Tablet,Home,109.75,7,25.0,2022-10-31,South,credit card,2.0,69.31,False
722,1723,Phone,Clothing,11.64,4,8.4,2023-10-05,West,Credit Card,1.0,269.89,False
723,1724,Monitor,Home,57.45,13,15.5,2023-07-02,South,Credit Card,2.0,247.96,False
724,1725,Keyboard,Clothing,100.72,19,4.7,2024-10-07,South,Credit Card,5.0,61.83,False
725,1726,Monitor,Sports,39.23,4,27.4,2024-09-23,South,PAYPAL,2.0,129.65,False
726,1727,Camera,Sports,27.74,7,27.9,2023-06-02,East,PAYPAL,1.0,315.53,False
727,1728,Tablet,Clothing,40.84,19,36.4,2024-02-21,East,Credit Card,1.0,493.13,False
728,1729,Other,Electronics,323.42,9,18.1,2022-01-26,South,PayPal,4.0,147.39,False
729,1730,Headphones,Clothing,,14,39.5,2024-12-22,West,Cash,2.0,56.72,False
730,1731,Tablet,Clothing,79.81,14,5.5,2023-06-16,South,Cash,2.0,279.32,False
731,1732,Keyboard,Books,56.97,4,26.1,2022-09-18,South,Cash,2.0,432.18,False
732,1733,Other,Books,9.43,1,1.7,2022-12-16,West,PayPal,5.0,1227.92,False
733,1734,Camera,Food,52.87,19,17.4,2024-08-21,South,credit card,1.0,10.5,False
734,1735,Keyboard,Food,25.03,6,14.4,2022-03-27,West,Credit Card,2.0,,False
735,1736,Phone,Home,35.26,19,38.6,2023-10-17,West,PAYPAL,2.0,47.06,False
736,1737,Phone,Electronics,157.24,11,39.1,2022-03-06,South,Credit Card,1.0,102.33,False
737,1738,Tablet,Books,66.27,8,25.4,2024-12-19,East,Credit Card,2.0,321.31,False
738,1739,Keyboard,Sports,21.66,6,33.9,2022-10-27,West,credit card,5.0,104.37,False
739,1740,Monitor,Home,274.12,8,11.3,2024-08-19,East,PayPal,4.0,102.36,False
740,1741,Tablet,Sports,154.56,17,30.4,2023-10-08,South,Credit Card,5.0,271.78,False
741,1742,Tablet,Sports,103.47,12,0.1,2023-08-04,North,credit card,1.0,70.55,False
742,1743,Laptop,Clothing,39.97,11,,2023-12-26,North,Credit Card,2.0,150.05,False
743,1744,Headphones,Sports,8.48,10,1.8,2022-02-02,North,Credit Card,2.0,75.34,False
744,1745,,Books,34.92,12,6.3,2022-04-12,South,PAYPAL,4.0,56.29,True
745,1746,Laptop,Clothing,107.19,13,7.5,2024-10-12,West,Cash,2.0,1209.76,False
746,1747,Phone,Food,26.77,5,17.2,2023-06-10,West,credit card,4.0,540.83,False
747,1748,Laptop,Food,20.04,11,11.6,2024-10-20,North,Cash,4.0,1233.41,False
748,1749,Headphones,Home,144.37,11,30.6,2022-05-10,South,Credit Card,1.0,415.3,False
749,1750,Phone,Food,287.13,11,36.4,2024-02-02,South,credit card,2.0,70.7,False
750,1751,Laptop,Books,109.5,14,33.1,2024-12-18,East,Cash,4.0,37.28,False
751,1752,Phone,Books,66.78,12,28.7,2023-07-16,East,credit card,1.0,259.92,False
752,1753,Camera,Sports,88.68,18,18.0,2023-11-27,South,Credit Card,3.0,117.23,True
753,1754,Keyboard,Sports,100.55,6,15.7,2024-08-04,South,PAYPAL,4.0,494.71,False
754,1755,Headphones,Clothing,62.95,15,24.9,2024-09-27,South,Credit Card,1.0,4.04,False
755,1756,Camera,Sports,32.53,4,24.7,2024-08-04,West,PayPal,1.0,143.86,False
756,1757,Camera,Sports,34.7,10,32.0,2023-07-17,West,Credit Card,5.0,10.65,False
757,1758,Headphones,Clothing,80.93,8,6.4,2022-05-30,North,Cash,1.0,333.41,False
758,1759,Tablet,Food,13.34,11,18.4,2023-04-16,East,PAYPAL,4.0,721.41,False
759,1760,Monitor,Clothing,16.24,16,29.6,2023-03-15,South,credit card,4.0,120.7,False
760,1761,Tablet,Home,611.48,4,15.3,2022-10-21,South,credit card,4.0,226.31,False
761,1762,Phone,Food,206.15,2,16.4,2023-12-15,South,Credit Card,2.0,49.62,False
762,1763,Monitor,Books,59.74,1,17.3,2023-12-19,West,credit card,3.0,75.73,False
763,1764,Phone,Books,35.17,18,,2022-05-11,East,Credit Card,2.0,4.49,True
764,1765,Camera,Clothing,92.85,18,15.6,2024-07-18,East,PayPal,3.0,797.01,False
765,1766,Monitor,Books,62.3,11,32.5,2022-12-13,West,Credit Card,2.0,17.81,False
766,1767,,Food,68.3,12,19.8,2022-09-23,West,Credit Card,5.0,83.77,False
767,1768,Laptop,Sports,27.82,18,19.3,2024-07-24,East,Credit Card,1.0,561.32,False
768,1769,Phone,Home,541.51,15,3.1,2022-05-11,West,PayPal,5.0,189.17,False
769,1770,Monitor,Books,48.15,1,11.2,2023-06-19,West,PayPal,1.0,8.34,False
770,1771,Keyboard,Sports,183.0,1,3.6,2022-08-23,North,Cash,2.0,210.99,False
771,1772,Keyboard,Home,61.8,10,34.2,2022-05-19,North,Cash,4.0,157.96,False
772,1773,Camera,Books,27.68,10,2.1,2023-10-19,North,Cash,1.0,244.62,False
773,1774,Headphones,Books,,16,22.8,2022-05-22,North,PayPal,3.0,426.34,False
774,1775,Headphones,Books,11.06,1,24.9,2023-10-16,East,PAYPAL,4.0,378.7,False
775,1776,Monitor,Books,163.82,8,2.5,2024-07-01,West,Cash,,57.58,False
776,1777,Monitor,Electronics,,1,37.7,2022-03-15,South,PayPal,4.0,46.92,False
777,1778,Monitor,Sports,79.06,4,32.4,2024-10-21,West,credit card,4.0,280.03,False
778,1779,Headphones,Sports,129.08,6,28.4,2022-07-01,North,Cash,5.0,958.16,False
779,1780,Phone,Books,124.56,17,3.4,2023-11-12,North,PayPal,1.0,83.61,False
780,1781,Camera,Food,48.8,13,26.2,2024-03-29,North,Credit Card,1.0,2.64,False
781,1782,Tablet,Clothing,95.57,17,34.9,2022-09-12,North,Cash,4.0,289.63,False
782,1783,Phone,Books,12.96,2,3.7,2022-06-11,East,Credit Card,5.0,617.09,False
783,1784,Camera,Electronics,10.21,3,18.1,2024-02-16,East,PayPal,5.0,4.0,True
784,1785,Keyboard,Electronics,19.06,17,2.3,2023-01-06,East,Credit Card,1.0,8.05,False
785,1786,Headphones,Books,104.08,19,5.6,2024-06-01,West,credit card,1.0,155.64,False
786,1787,Camera,Electronics,281.47,7,0.1,2024-09-05,South,Credit Card,4.0,471.47,False
787,1788,Tablet,Books,15.01,10,36.9,2024-04-17,West,Credit Card,4.0,444.36,False
788,1789,Monitor,Sports,68.95,17,17.4,2024-09-07,West,Cash,4.0,181.85,False
789,1790,Monitor,Food,7.57,8,5.8,2022-09-07,West,PAYPAL,5.0,82.96,False
790,1791,Monitor,Home,928.19,8,7.8,2022-11-26,West,Credit Card,5.0,129.37,True
791,1792,Phone,Food,44776.264240399236,1,31.2,2024-03-16,East,PayPal,5.0,39.62,False
792,1793,Laptop,Sports,106.62,18,6.4,2022-03-08,West,PayPal,2.0,6.8,False
793,1794,Phone,Food,55.56,10,31.7,2024-05-28,East,Credit Card,3.0,23.17,False
794,1795,Other,Books,28.93,12,15.7,2022-11-07,South,PayPal,5.0,3.39,False
795,1796,Laptop,Electronics,20.3,5,25.3,2023-02-26,East,Credit Card,3.0,1158.88,False
796,1797,Keyboard,Electronics,146.27,10,6.4,2024-12-24,West,Cash,5.0,574.99,False
797,1798,Monitor,Electronics,42.34,4,3.1,2024-12-12,East,Cash,4.0,705.64,False
798,1799,Laptop,Home,6.21,15,10.3,2023-01-03,East,Cash,3.0,483.88,True
799,1800,Keyboard,Sports,51.95,1,37.0,2022-09-01,North,PayPal,4.0,541.84,False
800,1801,Phone,Clothing,29.98,18,11.6,2024-02-02,West,PayPal,5.0,176.91,False
801,1802,Keyboard,Sports,280.35,14,16.5,2022-07-11,East,PayPal,4.0,43.44,False
802,1803,Headphones,Sports,120.18,11,25.9,2022-09-15,South,PayPal,2.0,174.16,False
803,1804,Camera,Home,193.57,1,39.5,2022-05-27,West,Cash,2.0,134.36,False
804,1805,Keyboard,Books,18.44,10,20.7,2022-07-12,East,credit card,4.0,456.17,False
805,1806,Camera,Food,131.05,1,7.0,2023-01-28,South,credit card,4.0,161.04,False
806,1807,Laptop,Books,77.83,19,15.9,2023-03-07,East,Credit Card,2.0,802.48,False
807,1808,Camera,Home,58.28,4,22.3,2023-01-03,South,Cash,2.0,146.61,False
808,1809,Phone,Electronics,177.97,8,24.9,2023-02-11,North,credit card,1.0,188.76,False
809,1810,Phone,Clothing,52.25,1,14.3,2023-10-01,West,credit card,5.0,376.61,False
810,1811,Headphones,Food,54.03,18,8.5,2023-01-01,North,Credit Card,4.0,129.98,False
811,1812,Keyboard,Books,51.32,4,20.8,2022-06-20,North,credit card,1.0,1093.72,False
812,1813,Monitor,Food,27.07,12,21.7,2023-03-29,North,PayPal,1.0,232.17,False
813,1814,Headphones,Sports,33.31,6,3.0,2022-08-12,South,Cash,2.0,284.11,False
814,1815,Phone,Electronics,82.46,9,30.0,2023-09-07,South,Cash,2.0,312.35,False
815,1816,Camera,Food,66.82,5,27.2,2022-03-01,North,Credit Card,3.0,356.27,False
816,1817,Phone,Electronics,159.48,11,33.7,2023-11-11,East,Credit Card,4.0,325.01,False
817,1818,Phone,Sports,14.93,10,10.1,2023-04-07,South,credit card,4.0,48.69,False
818,1819,Tablet,Home,7.03,15,33.6,2022-03-15,North,PAYPAL,3.0,70.88,False
819,1820,Headphones,Books,95.05,12,27.2,2023-10-08,North,credit card,1.0,137.41,False
820,1821,Tablet,Clothing,70.17,10,5.4,2023-09-08,South,Credit Card,3.0,153.16,False
821,1822,Headphones,Sports,44293.68317068634,12,14.2,2023-03-08,South,Credit Card,5.0,295.3,False
822,1823,Camera,Home,53.72,7,26.8,2024-01-28,West,PAYPAL,2.0,291.46,False
823,1824,Other,Food,34.8,13,16.3,2022-12-29,West,credit card,1.0,328.74,False
824,1825,Camera,Electronics,54.55,15,37.0,2023-09-21,East,Credit Card,3.0,93.92,False
825,1826,Camera,Books,158.0,3,23.6,2022-02-08,South,PayPal,3.0,39.11,False
826,1827,Tablet,Home,57.97,7,20.7,2024-01-03,West,Cash,4.0,112.36,False
827,1828,Phone,Books,86.14,10,37.7,2022-03-20,West,Credit Card,3.0,72.72,False
828,1829,Camera,Electronics,207.8,13,24.4,2022-06-18,East,PayPal,1.0,21.45,False
829,1830,Other,Sports,174.44,5,32.6,2024-11-21,West,PayPal,4.0,138.24,False
830,1831,Phone,Clothing,7.45,11,3.8,2022-04-08,South,Cash,1.0,46.17,False
831,1832,Camera,Books,63.24,19,12.0,2022-08-26,West,PayPal,2.0,73.15,False
832,1833,Keyboard,Home,75.92,15,28.5,2024-12-24,East,PayPal,5.0,134.46,False
833,1834,Monitor,Electronics,154.66,14,7.4,2023-10-26,North,PAYPAL,3.0,80.97,False
834,1835,Monitor,Sports,30.64,6,35.8,2023-09-17,East,Credit Card,5.0,863.99,False
835,1836,Other,Electronics,157.26,5,28.2,2023-07-23,West,credit card,5.0,316.07,True
836,1837,Tablet,Sports,77.95,14,38.1,2022-04-25,East,PAYPAL,2.0,398.4,False
837,1838,Laptop,Books,40.15,18,27.0,2022-04-19,East,Credit Card,1.0,71.09,True
838,1839,Keyboard,Books,49.45,18,16.0,2024-10-06,West,Cash,3.0,22.67,False
839,1840,Keyboard,Books,63.76,8,1.3,2024-07-17,East,Cash,2.0,272.06,True
840,1841,Monitor,Clothing,7.46,1,34.5,2023-12-02,South,PayPal,5.0,616.43,False
841,1842,Headphones,Books,118.47,17,31.8,2024-03-06,East,Credit Card,1.0,387.98,False
842,1843,Laptop,Home,90.59,8,34.6,2023-03-16,East,Credit Card,4.0,31.65,True
843,1844,Camera,Home,154.26,11,20.7,2024-05-31,North,Cash,3.0,272.93,True
844,1845,Monitor,Electronics,18.29,9,10.4,2024-08-10,South,Cash,4.0,258.42,False
845,1846,Laptop,Books,57.46,6,21.7,2024-03-07,East,PayPal,2.0,160.99,False
846,1847,Other,Books,20.35,5,34.6,2024-09-17,East,PayPal,1.0,93.38,False
847,1848,Laptop,Books,215.74,2,5.2,2022-07-12,North,Credit Card,3.0,105.26,False
848,1849,Headphones,Home,121.79,15,12.7,2023-08-10,East,PAYPAL,3.0,103.16,False
849,1850,Monitor,Food,10.59,5,28.0,2024-07-26,North,PayPal,2.0,6.63,False
850,1851,Tablet,Food,74.71,4,39.8,2024-05-31,South,credit card,5.0,578.21,False
851,1852,Keyboard,Books,87.9,3,26.3,2023-06-29,North,credit card,2.0,63.1,False
852,1853,Tablet,Books,49.0,7,38.0,2022-05-13,East,Credit Card,3.0,1038.19,False
853,1854,Phone,Sports,123.82,17,20.0,2022-10-15,South,PAYPAL,2.0,37.02,False
854,1855,Tablet,Sports,41.16,19,0.1,2023-10-08,North,Credit Card,5.0,1591.98,False
855,1856,Keyboard,Clothing,115.41,19,1.1,2024-01-06,East,PayPal,3.0,168.24,False
856,1857,Camera,Clothing,41.84,16,28.6,2022-09-05,South,Credit Card,1.0,478.99,False
857,1858,Keyboard,Home,30.98,2,24.9,2022-05-18,West,Credit Card,,10.98,False
858,1859,Headphones,Sports,21.76,15,9.1,2024-03-03,North,Cash,4.0,138.54,False
859,1860,Headphones,Books,96.05,19,27.4,2023-07-29,East,Cash,2.0,315.05,False
860,1861,Laptop,Books,174.0,5,9.5,2022-02-28,North,credit card,2.0,392.1,False
861,1862,Other,Home,101.4,6,5.8,2022-09-27,North,credit card,3.0,750.41,False
862,1863,Headphones,Books,8.31,13,35.7,2023-04-08,South,Cash,4.0,43.17,False
863,1864,Tablet,Food,70.28,10,0.8,2022-12-16,West,PayPal,3.0,807.57,False
864,1865,Headphones,Electronics,52.04,5,25.4,2023-12-08,West,Credit Card,2.0,101.11,False
865,1866,Phone,Sports,57.28,11,39.2,2023-02-28,South,PAYPAL,1.0,505.65,False
866,1867,Laptop,Food,54.14,3,15.5,2022-09-23,East,credit card,4.0,102.33,False
867,1868,Phone,Clothing,75.75,3,35.1,2022-06-20,South,Credit Card,5.0,667.12,False
868,1869,Laptop,Books,174.86,18,19.7,2024-03-12,West,Credit Card,,344.35,False
869,1870,Monitor,Home,10.34,16,9.3,2023-07-16,East,PayPal,3.0,34.62,False
870,1871,Keyboard,Home,34.33,17,26.7,2023-11-11,West,PayPal,4.0,585.31,False
871,1872,Monitor,Books,19.05,10,2.9,2024-06-10,East,Credit Card,5.0,82.66,True
872,1873,Monitor,Books,5.07,13,4.1,2024-06-15,West,PayPal,5.0,42.06,False
873,1874,Tablet,Clothing,4.84,2,8.2,2023-10-08,North,PayPal,1.0,479.77,False
874,1875,Monitor,Sports,77.71,16,19.2,2023-12-10,East,Cash,4.0,597.68,False
875,1876,Tablet,Home,119.85,12,37.6,2023-03-28,East,Cash,1.0,167.99,False
876,1877,Monitor,Sports,31.16,2,36.8,2024-11-27,North,Cash,5.0,91.84,True
877,1878,Tablet,Clothing,46.59,7,13.6,2024-01-15,West,Cash,2.0,201.02,False
878,1879,Other,Sports,147.06,2,1.0,2023-04-11,North,credit card,3.0,306.65,False
879,1880,Camera,Electronics,56.07,10,16.0,2022-01-23,North,Credit Card,3.0,57.17,False
880,1881,Phone,Electronics,65.28,19,3.0,2023-08-04,North,Credit Card,,295.15,False
881,1882,Monitor,Clothing,160.05,17,1.0,2023-05-19,West,PayPal,3.0,220.22,False
882,1883,Camera,Home,537.96,2,25.8,2022-09-23,West,Cash,5.0,112.98,False
883,1884,Keyboard,Clothing,37.22,19,5.2,2023-12-10,West,PayPal,3.0,128.47,False
884,1885,Phone,Food,14.31,13,5.9,2023-05-21,West,PayPal,5.0,119.83,False
885,1886,Keyboard,Books,82.57,17,27.2,2024-06-25,North,Cash,2.0,147.36,False
886,1887,Phone,Food,63.81,16,27.3,2024-09-21,East,Cash,5.0,162.36,False
887,1888,Camera,Home,41880.86917259067,17,23.5,2024-01-26,South,Credit Card,3.0,394.37,False
888,1889,Headphones,Books,29.05,5,29.8,2022-08-15,South,credit card,4.0,108.65,True
889,1890,Keyboard,Food,27.37,5,12.7,2022-05-05,West,Cash,3.0,765.3,False
890,1891,Headphones,Clothing,,4,8.8,2023-11-13,South,PAYPAL,2.0,,False
891,1892,Phone,Electronics,137.07,17,0.5,2023-06-18,East,credit card,2.0,292.74,False
892,1893,Phone,Clothing,87.39,14,30.6,2024-09-19,North,Credit Card,5.0,91.09,False
893,1894,Tablet,Electronics,710.0,12,,2022-01-04,East,PAYPAL,5.0,950.23,False
894,1895,Laptop,Food,993.63,18,,2024-01-06,South,credit card,2.0,160.17,False
895,1896,Headphones,Clothing,10.14,19,17.3,2023-03-07,South,Credit Card,5.0,261.93,False
896,1897,Keyboard,Home,77.87,1000,4.9,2023-02-03,North,PayPal,1.0,131.13,True
897,1898,Laptop,Books,114.46,12,31.1,2024-10-04,East,PayPal,2.0,5.44,False
898,1899,Tablet,Home,54.24,1,35.9,2024-05-14,West,credit card,3.0,373.81,False
899,1900,Keyboard,Clothing,44285.64454965291,8,26.7,2022-03-10,East,Cash,1.0,61.77,True
900,1901,Keyboard,Food,87.97,8,11.3,2024-05-10,North,Credit Card,3.0,113.07,False
901,1902,Headphones,Clothing,101.86,6,2.5,2023-06-11,East,Credit Card,3.0,401.36,False
902,1903,Camera,Home,68.13,5,39.1,2024-10-04,North,Cash,1.0,329.41,False
903,1904,Laptop,Electronics,77.98,13,39.3,2023-06-15,East,Cash,4.0,37.76,False
904,1905,Tablet,Clothing,57.09,9,34.2,2023-11-16,West,PayPal,1.0,240.55,False
905,1906,Phone,Clothing,,6,13.2,2024-12-01,East,PayPal,1.0,247.47,False
906,1907,Headphones,Home,36.13,14,6.3,2022-09-19,North,credit card,5.0,204.27,False
907,1908,Laptop,Electronics,16.04,4,28.5,2022-09-20,North,Cash,2.0,299.17,False
908,1909,Phone,Books,102.22,13,22.5,2024-04-19,North,credit card,5.0,44.27,False
909,1910,Monitor,Home,20.72,7,0.6,2023-06-29,East,PAYPAL,2.0,592.29,False
910,1911,Laptop,Books,22.83,3,0.9,2024-06-12,South,Cash,2.0,221.91,False
911,1912,Monitor,Sports,91.84,18,24.9,2022-05-03,North,Cash,5.0,95.49,False
912,1913,Other,Home,353.57,9,0.2,2024-08-23,North,Cash,5.0,374.49,False
913,1914,Camera,Books,12.03,11,2.8,2023-12-24,North,Cash,1.0,567.84,True
914,1915,Phone,Electronics,26.88,12,5.5,2022-08-24,North,PayPal,4.0,63.41,False
915,1916,Tablet,Clothing,105.66,10,26.8,2024-10-19,West,Credit Card,3.0,198.18,False
916,1917,Tablet,Electronics,199.36,11,22.3,2022-08-17,North,Credit Card,5.0,703.57,False
917,1918,Laptop,Home,124.16,18,2.4,2024-08-05,West,Credit Card,5.0,519.65,False
918,1919,Camera,Clothing,12.03,13,36.8,2024-07-04,East,Credit Card,1.0,160.68,False
919,1920,Keyboard,Clothing,24.18,3,38.5,2024-06-19,West,Credit Card,4.0,895.71,False
920,1921,Camera,Food,74.94,18,10.1,2024-12-24,South,PAYPAL,4.0,100.44,False
921,1922,Headphones,Home,5.69,19,15.7,2024-02-18,West,Cash,3.0,23.54,False
922,1923,Monitor,Books,23.23,14,0.3,2024-10-23,West,PayPal,2.0,305.34,False
923,1924,Tablet,Home,149.27,14,5.0,2022-05-23,West,credit card,2.0,114.87,False
924,1925,Monitor,Books,119.26,11,38.3,2023-09-27,West,Credit Card,4.0,216.49,False
925,1926,Keyboard,Food,127.93,18,29.4,2023-12-01,,Cash,1.0,551.31,False
926,1927,Tablet,Sports,231.53,13,12.7,2022-03-17,South,Credit Card,5.0,70.21,False
927,1928,Phone,Books,52.01,14,36.4,2023-10-22,,Credit Card,1.0,,False
928,1929,Camera,Clothing,37.89,4,36.1,2022-08-15,North,Credit Card,5.0,1323.22,False
929,1930,Keyboard,Clothing,82.69,2,2.1,2023-05-10,West,PayPal,2.0,33.84,False
930,1931,Keyboard,Electronics,175.24,15,24.2,2023-01-02,West,credit card,1.0,66.92,False
931,1932,Keyboard,Electronics,152.13,18,35.1,2022-01-19,North,PayPal,5.0,77.3,False
932,1933,Camera,Home,34.36,15,24.6,2022-12-07,South,PayPal,,51.52,False
933,1934,Headphones,Clothing,96.29,3,4.0,2024-07-13,South,Cash,,94.48,False
934,1935,Monitor,Books,151.16,1,9.0,2023-04-20,West,credit card,1.0,652.32,False
935,1936,Monitor,Home,30.4,16,17.1,2024-02-26,South,credit card,3.0,252.82,False
936,1937,Other,Clothing,16.96,1,5.5,2024-02-21,South,Credit Card,3.0,175.38,False
937,1938,Monitor,Electronics,37.64,4,31.9,2022-10-03,East,Cash,4.0,54.88,True
938,1939,Monitor,Books,86.08,10,,2023-06-02,North,Credit Card,5.0,10.23,False
939,1940,Headphones,Food,83.08,8,35.8,2024-04-04,South,PayPal,2.0,202.79,False
940,1941,Other,Home,56.11,15,14.9,2023-11-16,South,PayPal,5.0,311.08,True
941,1942,Monitor,Home,48.33,12,37.8,2022-04-03,South,Credit Card,3.0,104.01,False
942,1943,Headphones,Electronics,33.54,10,23.4,2024-07-07,North,Credit Card,3.0,520.01,True
943,1944,Phone,Electronics,509.98,16,17.3,2022-10-04,West,Credit Card,5.0,206.54,False
944,1945,Camera,Clothing,404.11,5,13.6,2024-03-10,West,Credit Card,2.0,98.83,False
945,1946,Tablet,Sports,59.98,2,24.8,2023-12-22,South,Credit Card,2.0,6.39,False
946,1947,Keyboard,Electronics,399.59,4,7.7,2023-03-30,West,PayPal,3.0,314.05,False
947,1948,Monitor,Home,154.53,11,35.5,2022-06-21,East,Cash,1.0,712.58,False
948,1949,Headphones,Home,33.98,7,33.7,2022-08-09,West,PayPal,3.0,1529.13,False
949,1950,Laptop,Food,24.24,19,6.8,2024-03-09,South,PayPal,2.0,170.41,False
950,1951,Phone,Clothing,21.59,17,25.0,2022-08-12,West,PayPal,5.0,48.84,False
951,1952,Monitor,Books,73.26,13,3.4,2023-12-22,South,credit card,3.0,44.64,False
952,1953,Headphones,Books,190.64,10,7.1,2024-01-30,South,PayPal,2.0,72.38,False
953,1954,Keyboard,Sports,14.57,3,14.2,2022-11-15,South,Credit Card,3.0,132.07,False
954,1955,Monitor,Clothing,63.52,11,13.4,2022-05-11,East,Cash,5.0,667.96,False
955,1956,Tablet,Sports,25.92,5,24.1,2023-01-31,East,Credit Card,1.0,214.39,False
956,1957,Laptop,Books,194.25,12,30.8,2024-01-25,North,credit card,5.0,86.13,False
957,1958,Camera,Home,31.44,19,16.4,2022-03-10,North,Credit Card,4.0,379.52,False
958,1959,Laptop,Clothing,386.95,16,18.1,2022-03-13,West,Cash,1.0,362.9,False
959,1960,Camera,Books,115.59,4,19.3,2024-12-22,,credit card,4.0,177.26,False
960,1961,Tablet,Food,46.74,2,35.0,2023-12-04,North,PAYPAL,3.0,132.6,False
961,1962,Camera,Sports,224.2,19,3.5,2024-11-30,East,Credit Card,3.0,12.1,False
962,1963,Monitor,Books,38.26,10,17.9,2022-01-23,East,credit card,3.0,1172.48,False
963,1964,Laptop,Clothing,192.83,19,30.6,2023-12-17,,Credit Card,4.0,291.4,False
964,1965,Keyboard,Clothing,10.0,19,28.6,2022-06-16,North,PAYPAL,1.0,217.5,False
965,1966,Laptop,Books,114.49,6,11.0,2022-05-01,North,PAYPAL,5.0,94.11,False
966,1967,Phone,Electronics,63.27,3,18.0,2023-03-23,South,PAYPAL,3.0,474.12,False
967,1968,Headphones,Books,5.51,13,18.9,2023-09-06,West,Credit Card,3.0,230.77,False
968,1969,Laptop,Clothing,24818.012799552627,500,14.7,2024-04-02,North,Credit Card,3.0,462.57,False
969,1970,Camera,Electronics,31.74,5,14.6,2023-06-03,South,PayPal,1.0,18.98,True
970,1971,Phone,Sports,24.08,14,31.2,2023-06-07,North,PayPal,4.0,280.65,False
971,1972,Headphones,Food,29.99,17,24.2,2024-07-28,South,Credit Card,5.0,75.24,False
972,1973,Tablet,Electronics,86.42,19,9.3,2024-11-02,North,Credit Card,3.0,142.16,False
973,1974,Camera,Sports,57.29,17,39.6,2022-11-09,South,Cash,2.0,69.74,False
974,1975,Monitor,Home,47.25,9,10.7,2022-12-11,East,PAYPAL,2.0,,False
975,1976,Phone,Sports,43.65,1,4.5,2024-11-12,East,PayPal,3.0,233.3,False
976,1977,Camera,Clothing,37.21,14,34.5,2022-05-26,West,Credit Card,5.0,60.79,False
977,1978,Tablet,Electronics,72.74,15,25.8,2023-01-17,South,Cash,3.0,493.46,False
978,1979,Laptop,Books,43.65,9,24.6,2023-10-28,South,credit card,3.0,122.51,False
979,1980,Camera,Electronics,319.61,2,16.6,2023-07-26,North,Credit Card,2.0,372.74,False
980,1981,Headphones,Clothing,101.13,3,18.8,2022-11-21,East,PayPal,3.0,206.95,True
981,1982,Keyboard,Books,22.04,15,10.9,2023-05-24,East,PayPal,5.0,211.16,False
982,1983,Headphones,Books,55.02,1,18.4,2023-07-03,North,Credit Card,2.0,66.66,False
983,1984,Keyboard,Food,67.35,4,28.5,2023-09-22,West,Cash,5.0,292.77,False
984,1985,Camera,Clothing,213.06,13,29.4,2023-12-27,South,PAYPAL,4.0,146.02,True
985,1986,Laptop,Electronics,28.08,2,21.4,2023-11-30,West,PayPal,3.0,446.26,True
986,1987,Headphones,Home,35.24,12,15.3,2022-08-12,North,credit card,2.0,271.72,False
987,1988,Keyboard,Clothing,32.14,16,23.7,2022-08-20,West,PayPal,5.0,76.11,False
988,1989,Keyboard,Sports,41.92,16,28.6,2024-11-22,South,credit card,2.0,94.72,False
989,1990,Phone,Sports,10.26,4,26.6,2023-08-13,North,PayPal,1.0,648.96,False
990,1991,Monitor,Sports,30.82,18,10.2,2024-11-05,South,Credit Card,1.0,87.12,False
991,1992,Keyboard,Home,17.32,11,13.4,2024-03-09,West,Credit Card,2.0,289.79,False
992,1993,Headphones,Home,46.52,16,39.2,2023-02-16,North,PAYPAL,4.0,111.46,False
993,1994,Keyboard,Books,20.27,19,7.2,2024-01-04,South,Credit Card,3.0,52.88,False
994,1995,Phone,Electronics,295.53,2,35.8,2023-10-06,North,Cash,4.0,146.73,False
995,1996,Other,Electronics,164.2,9,12.5,2024-02-14,South,Credit Card,2.0,507.69,False
996,1997,Phone,Sports,101.12,2,20.9,2022-07-03,South,Credit Card,2.0,541.21,False
997,1998,Headphones,Food,25.26,10,0.9,2024-02-04,East,PAYPAL,3.0,312.02,False
998,1999,Headphones,Sports,32.42,5,14.4,2023-04-30,East,credit card,5.0,173.07,False
999,2000,Monitor,Clothing,84.07,11,2.0,2023-11-04,South,Credit Card,2.0,398.18,False
1000,2001,Headphones,Electronics,86.38,3,28.7,2022-08-04,East,credit card,1.0,26.89,False
1001,2002,Phone,Clothing,268.61,18,5.5,2024-06-06,North,Credit Card,3.0,46.64,False
1002,2003,Keyboard,Clothing,66.84,5,20.2,2024-10-14,East,PayPal,1.0,514.09,False
1003,2004,Headphones,Sports,18.09,15,8.9,2022-09-29,West,PayPal,4.0,45.04,False
1004,2005,Keyboard,Electronics,26.67,16,2.9,2023-01-17,West,credit card,2.0,24.1,False
1005,2006,Camera,Electronics,5.01,3,37.5,2024-10-23,East,Credit Card,,224.49,False
1006,2007,Phone,Food,313.83,7,12.9,2024-08-12,South,credit card,3.0,76.97,False
1007,2008,Camera,Books,228.33,17,10.8,2023-12-04,South,PAYPAL,4.0,87.04,False
1008,2009,Headphones,Clothing,211.39,9,24.8,2024-09-21,South,PayPal,2.0,554.33,False
1009,2010,Camera,Food,80.92,18,30.4,2022-06-05,South,PayPal,5.0,213.92,False
1010,2011,Phone,Electronics,171.64,14,12.1,2024-01-26,North,Credit Card,1.0,43.36,False
1011,2012,Monitor,Clothing,339.68,13,24.5,2024-08-11,South,Credit Card,4.0,1899.48,False
1012,2013,Laptop,Books,41.66,10,13.3,2022-10-19,West,credit card,3.0,375.88,False
1013,2014,Phone,Electronics,27.5,5,10.1,2024-01-27,East,Credit Card,4.0,409.94,False
1014,2015,Camera,Clothing,46.34,7,9.8,2023-09-14,East,credit card,4.0,145.49,False
1015,2016,Keyboard,Food,28.98,12,7.4,2022-12-07,West,Credit Card,2.0,528.35,False
1016,2017,Laptop,Clothing,23.34,17,38.6,2022-01-22,South,Cash,4.0,268.06,False
1017,2018,Monitor,Home,69.58,5,5.3,2023-06-23,East,PAYPAL,4.0,,True
1018,2019,Phone,Books,58.0,17,38.2,2022-01-23,East,PayPal,,629.85,False
1019,2020,Keyboard,Home,44.75,18,29.8,2024-03-11,South,Cash,5.0,969.84,False
1020,2021,Monitor,Sports,46.27,14,28.5,2022-11-17,West,PayPal,1.0,12.32,False
1021,2022,Tablet,Food,10.03,4,33.2,2022-11-24,North,credit card,5.0,170.45,False
1022,2023,Phone,Electronics,470.9,17,0.1,2023-05-07,West,Cash,,26.06,False
1023,2024,Tablet,Books,96.57,6,14.8,2024-04-04,West,Credit Card,1.0,155.79,False
1024,2025,Phone,Books,25.9,500,38.3,2022-05-30,North,Credit Card,4.0,124.28,False
1025,2026,Laptop,Books,4.45,15,5.9,2024-02-01,East,PAYPAL,5.0,1472.98,True
1026,2027,Monitor,Clothing,35.87,16,8.0,2024-11-19,South,Cash,4.0,165.8,False
1027,2028,Camera,Food,97.97,3,1.1,2024-06-02,West,Cash,2.0,592.64,False
1028,2029,Laptop,Electronics,36.15,13,5.5,2023-02-06,South,Credit Card,3.0,489.35,False
1029,2030,Laptop,Electronics,145.16,5,3.5,2022-12-07,North,Credit Card,5.0,416.74,False
1030,2031,Headphones,Sports,64.94,2,33.4,2022-12-01,East,PayPal,3.0,137.18,False
1031,2032,Headphones,Books,14.09,3,1.0,2022-06-27,South,credit card,4.0,163.52,False
1032,2033,Camera,Electronics,48.57,6,22.7,2022-05-08,East,PayPal,1.0,76.18,False
1033,2034,Headphones,Electronics,66.42,10,30.6,2023-09-19,North,Credit Card,5.0,148.79,False
1034,2035,Laptop,Food,47.03,12,30.4,2023-09-01,West,PAYPAL,3.0,126.92,False
1035,2036,Phone,Sports,20.1,7,0.1,2022-01-09,East,Credit Card,3.0,366.57,False
1036,2037,Phone,Sports,94.64,7,39.0,2022-01-25,North,Credit Card,3.0,49.44,True
1037,2038,Laptop,Clothing,51.33,6,21.4,2022-02-27,South,Cash,2.0,97.04,False
1038,2039,Headphones,Clothing,582.63,6,21.8,2023-03-13,South,Credit Card,3.0,351.97,False
1039,2040,Camera,Food,38.54,11,16.0,2022-07-29,North,Credit Card,,107.61,False
1040,2041,Monitor,Home,20.35,5,35.4,2023-02-22,South,Credit Card,2.0,87.19,False
1041,2042,Monitor,Sports,157.79,2,6.6,2023-08-17,East,PayPal,5.0,12.52,False
1042,2043,Phone,Books,53.66,10,11.3,2024-12-19,East,Credit Card,1.0,59.62,False
1043,2044,Tablet,Clothing,93.7,9,38.9,2023-11-02,East,PayPal,3.0,429.53,False
1044,2045,Keyboard,Books,43.05,16,4.8,2023-12-30,South,Credit Card,3.0,436.29,False
1045,2046,Tablet,Books,15.77,14,28.1,2023-07-27,East,PAYPAL,1.0,862.43,False
1046,2047,Headphones,Home,304.89,8,17.6,2022-09-24,North,credit card,1.0,1434.7,False
1047,2048,Phone,Electronics,7.29,13,27.0,2023-03-12,West,credit card,5.0,171.93,False
1048,2049,Phone,Food,22.14,10,37.1,2023-02-15,West,Credit Card,4.0,157.74,False
1049,2050,Headphones,Home,29.49,15,17.1,2022-10-03,West,PayPal,4.0,27.54,False
1050,2051,Headphones,Food,11.73,9,17.3,2023-03-01,North,credit card,1.0,102.02,False
1051,2052,Laptop,Food,50.74,16,34.9,2023-11-18,South,Cash,3.0,142.51,False
1052,2053,Camera,Sports,109.23,4,19.1,2022-04-21,West,Credit Card,5.0,11.55,False
1053,2054,Keyboard,Home,163.82,16,25.5,2023-01-19,East,Credit Card,3.0,1018.87,False
1054,2055,Monitor,Clothing,430.2,9,33.6,2022-05-17,East,Credit Card,5.0,19.34,False
1055,2056,Tablet,Clothing,28.87,19,3.8,2023-07-02,West,PayPal,4.0,78.62,False
1056,2057,Laptop,Books,190.4,18,36.7,2024-04-17,East,Credit Card,4.0,139.39,False
1057,2058,Laptop,Food,155.54,5,34.6,2023-04-19,West,credit card,3.0,68.32,False
1058,2059,Monitor,Books,25.96,8,27.0,2024-03-05,East,PayPal,1.0,236.32,False
1059,2060,Camera,Clothing,51.6,16,30.6,2022-01-29,North,Credit Card,5.0,296.24,False
1060,2061,Phone,Clothing,20.5,5,28.3,2023-06-26,East,Credit Card,4.0,60.96,False
1061,2062,Phone,Electronics,31.54,6,19.1,2024-06-27,South,Credit Card,1.0,32.29,False
1062,2063,Monitor,Books,347.32,14,37.5,2022-07-20,South,Cash,5.0,58.67,False
1063,2064,Tablet,Clothing,29.21,14,38.3,2024-07-16,East,PAYPAL,5.0,133.85,False
1064,2065,Camera,Food,200.39,7,22.8,2024-09-07,South,PayPal,1.0,151.8,False
1065,2066,Laptop,Books,74.27,14,20.3,2022-04-27,East,PAYPAL,2.0,128.89,False
1066,2067,Phone,Books,41.53,19,2.0,2023-12-25,North,PayPal,5.0,37.56,False
1067,2068,Keyboard,Books,231.13,15,25.9,2022-07-17,South,PayPal,2.0,394.54,False
1068,2069,Phone,Home,22.58,5,28.3,2024-01-03,West,Credit Card,5.0,51.06,False
1069,2070,Other,Electronics,155.77,7,9.9,2023-03-06,West,Cash,3.0,192.44,False
1070,2071,Camera,Books,38.9,1,25.9,2023-04-13,North,PayPal,5.0,54.14,True
1071,2072,Monitor,Food,35.91,7,36.5,2024-09-05,North,PAYPAL,2.0,361.31,True
1072,2073,Camera,Electronics,65.73,16,14.5,2024-11-07,South,Credit Card,1.0,423.73,False
1073,2074,Tablet,Home,43.65,15,6.8,2024-03-18,South,PayPal,5.0,184.56,False
1074,2075,Tablet,Books,81.34,6,38.5,2022-07-23,South,Cash,1.0,185.25,False
1075,2076,,Food,34.08,7,28.3,2022-10-14,South,Cash,3.0,557.5,False
1076,2077,Tablet,Clothing,113.15,15,8.6,2023-09-12,North,Credit Card,2.0,209.36,False
1077,2078,Headphones,Food,32.39,1,35.8,2023-01-06,West,PayPal,3.0,188.41,False
1078,2079,Laptop,Home,33.21,4,20.7,2024-02-03,West,Credit Card,1.0,1104.76,False
1079,2080,Camera,Books,151.6,13,15.4,2022-02-21,South,PAYPAL,3.0,28.58,False
1080,2081,,Clothing,192.76,9,3.0,2023-11-20,East,Credit Card,4.0,749.56,False
1081,2082,Monitor,Electronics,107.2,8,7.5,2024-08-02,West,Cash,2.0,124.83,False
1082,2083,Keyboard,Clothing,128.88,17,28.4,2024-04-22,South,Credit Card,1.0,107.81,False
1083,2084,Camera,Food,47.76,10,38.9,2023-03-02,North,credit card,2.0,7.58,False
1084,2085,Tablet,Electronics,132.29,17,4.5,2024-03-25,East,Cash,3.0,784.44,False
1085,2086,Phone,Books,41.44,3,27.5,2023-09-17,South,Cash,4.0,228.34,False
1086,2087,Phone,Sports,37.38,19,17.3,2024-08-26,East,Credit Card,5.0,112.32,False
1087,2088,Tablet,Sports,171.66,4,30.4,2024-07-02,East,PayPal,3.0,4.74,False
1088,2089,Keyboard,Sports,991.46,14,1.4,2023-03-27,North,PAYPAL,2.0,885.17,False
1089,2090,Laptop,Sports,287.27,14,34.9,2024-04-25,West,PayPal,3.0,63.14,False
1090,2091,Keyboard,Books,97.29,11,34.9,2023-03-12,North,Credit Card,4.0,1811.71,False
1091,2092,Laptop,Books,28.43,8,24.0,2022-12-31,East,Credit Card,3.0,236.94,True
1092,2093,Tablet,Electronics,137.6,1,18.9,2022-03-04,North,PayPal,1.0,320.45,False
1093,2094,Tablet,Home,65.08,4,7.9,2023-10-07,South,Credit Card,1.0,151.26,False
1094,2095,Keyboard,Books,208.8,15,21.3,2023-08-03,North,Credit Card,2.0,33.52,False
1095,2096,Keyboard,Food,46.16,13,18.7,2023-09-26,East,PayPal,2.0,191.48,False
1096,2097,Headphones,Books,15.77,13,20.9,2022-10-22,South,PayPal,5.0,476.84,False
1097,2098,Headphones,Books,134.7,17,24.8,2024-08-20,West,credit card,5.0,148.22,False
1098,2099,Camera,Food,31.34,19,30.7,2023-11-05,West,Credit Card,1.0,435.88,False
1099,2100,Tablet,Clothing,81.29,19,39.5,2024-08-19,West,Cash,3.0,63.78,False
1100,2101,Headphones,Clothing,86.79,5,6.1,2023-01-12,West,PayPal,4.0,109.25,False
1101,2102,Phone,Sports,49.45,10,,2023-12-31,East,PayPal,4.0,236.45,False
1102,2103,Headphones,Books,68.28,17,0.2,2024-04-30,North,PayPal,4.0,449.66,False
1103,2104,Phone,Sports,345.73,14,16.1,2023-10-15,North,Credit Card,,487.58,True
1104,2105,Headphones,Home,184.69,3,12.7,2024-07-31,West,Credit Card,2.0,308.91,False
1105,2106,Camera,Food,136.14,9,22.8,2023-08-11,North,credit card,2.0,379.94,False
1106,2107,Laptop,Clothing,243.42,12,23.4,2024-03-10,North,PayPal,1.0,47.56,False
1107,2108,Laptop,Home,51.54,6,39.1,2023-08-15,East,credit card,4.0,176.07,False
1108,2109,Tablet,Clothing,78.03,8,14.0,2023-11-15,South,Cash,,98.29,False
1109,2110,Tablet,Electronics,11.99,1,39.6,2022-09-04,East,PAYPAL,1.0,1006.65,False
1110,2111,Camera,Clothing,77.63,1,38.7,2024-08-21,West,Credit Card,,128.87,False
1111,2112,Other,Home,128.49,17,37.2,2022-11-13,North,Credit Card,5.0,27.5,False
1112,2113,Tablet,Home,8.93,18,26.6,2022-09-21,South,credit card,3.0,1423.33,False
1113,2114,Camera,Home,829.38,13,34.3,2024-07-27,North,Credit Card,3.0,22.34,False
1114,2115,Camera,Books,32.2,4,24.0,2024-04-17,South,Credit Card,4.0,413.17,False
1115,2116,Other,Electronics,89.63,8,28.6,2022-12-06,East,credit card,3.0,300.04,False
1116,2117,Laptop,Clothing,54.53,1,7.6,2022-04-23,North,Cash,4.0,1313.12,False
1117,2118,Phone,Sports,91.76,18,31.9,2022-12-14,North,PAYPAL,2.0,111.62,False
1118,2119,Monitor,Sports,289.16,14,37.3,2023-07-28,East,PayPal,1.0,310.98,False
1119,2120,Camera,Books,39.98,16,33.6,2023-08-08,North,Cash,1.0,7.32,False
1120,2121,Laptop,Home,120.89,7,35.6,2023-05-25,North,Credit Card,5.0,44.08,False
1121,2122,Tablet,Electronics,30.1,16,10.2,2023-03-26,East,Credit Card,3.0,,False
1122,2123,Laptop,Books,48.27,17,36.8,2024-09-27,East,Credit Card,5.0,137.39,False
1123,2124,Tablet,Home,134.18,19,23.8,2024-03-18,South,PayPal,1.0,38.93,False
1124,2125,Monitor,Sports,10.24,3,34.0,2023-12-19,South,credit card,5.0,38.7,False
1125,2126,Camera,Electronics,24.33,7,32.9,2023-09-17,North,credit card,1.0,204.69,False
1126,2127,Monitor,Home,86.49,10,,2024-11-11,West,Credit Card,1.0,23.23,False
1127,2128,Monitor,Food,63.14,13,36.0,2022-11-17,,Cash,3.0,361.65,False
1128,2129,Other,Food,28.71,5,8.9,2024-11-03,North,PayPal,2.0,556.99,False
1129,2130,Tablet,Electronics,154.45,11,25.1,2023-08-16,East,credit card,3.0,141.7,False
1130,2131,Keyboard,Home,301.64,1,,2022-09-20,East,Cash,1.0,,False
1131,2132,Tablet,Books,20.62,1,,2022-10-21,North,Credit Card,5.0,7.73,False
1132,2133,Phone,Sports,64.57,13,30.2,2024-11-08,West,credit card,1.0,276.7,False
1133,2134,Tablet,Electronics,55.61,12,39.3,2023-04-01,West,Cash,3.0,147.49,False
1134,2135,Phone,Books,7.13,1,21.4,2022-08-29,East,PayPal,1.0,951.03,False
1135,2136,Phone,Food,65.56,17,,2024-07-10,South,Credit Card,5.0,246.66,False
1136,2137,Laptop,Electronics,111.47,2,0.6,2022-02-26,South,Credit Card,1.0,465.65,False
1137,2138,Phone,Books,439.57,12,17.0,2022-01-15,South,Cash,,738.85,False
1138,2139,Laptop,Food,170.97,14,23.6,2023-03-21,South,Cash,5.0,287.8,False
1139,2140,Tablet,Clothing,141.95,9,33.8,2024-07-06,West,PayPal,4.0,1526.22,False
1140,2141,Tablet,Home,20.22,9,28.8,2022-04-08,East,PayPal,5.0,176.1,False
1141,2142,Monitor,Home,56.96,17,9.4,2024-07-07,South,Credit Card,,382.82,False
1142,2143,Camera,Food,154.47,7,39.1,2023-02-10,South,PayPal,4.0,161.75,False
1143,2144,Headphones,Sports,770.55,3,39.9,2022-07-19,East,Credit Card,2.0,21.38,False
1144,2145,Tablet,Clothing,78.27,17,11.9,2023-09-13,North,Credit Card,3.0,75.36,False
1145,2146,Headphones,Sports,197.11,17,12.4,2023-11-04,East,credit card,4.0,268.15,False
1146,2147,Monitor,Electronics,72.84,4,17.7,2022-09-09,North,Cash,4.0,1066.11,False
1147,2148,Camera,Home,131.09,1,21.9,2023-12-03,East,Credit Card,4.0,136.03,False
1148,2149,Other,Books,129.35,6,12.6,2023-08-30,North,Credit Card,4.0,172.74,False
1149,2150,Camera,Clothing,41.57,11,14.2,2024-10-23,South,Credit Card,2.0,798.34,False
1150,2151,Laptop,Food,44.33,11,36.6,2022-11-19,North,PayPal,3.0,227.5,False
1151,2152,Camera,Home,165.3,11,21.0,2023-04-18,North,credit card,3.0,538.88,False
1152,2153,Keyboard,Food,,18,,2023-12-14,South,PayPal,2.0,246.93,False
1153,2154,Headphones,Books,44.62,16,26.0,2022-01-31,West,PayPal,3.0,154.13,False
1154,2155,Monitor,Home,14.78,12,5.8,2022-05-15,East,Cash,4.0,586.85,False
1155,2156,Camera,Sports,114.62,17,29.1,2023-10-21,West,Credit Card,1.0,68.21,False
1156,2157,Other,Clothing,64.37,8,25.8,2023-08-07,West,PAYPAL,2.0,86.68,False
1157,2158,Monitor,Books,304.12,6,15.0,2024-05-17,East,Credit Card,3.0,445.89,False
1158,2159,Laptop,Books,16.08,1,35.0,2024-01-31,East,PAYPAL,5.0,152.17,False
1159,2160,Laptop,Books,27.65,6,36.9,2024-11-05,North,Cash,2.0,190.48,False
1160,2161,Monitor,Home,10.25,16,1.3,2024-06-02,South,Cash,5.0,156.92,False
1161,2162,Headphones,Home,143.08,9,18.6,2024-05-06,South,Cash,5.0,387.76,False
1162,2163,Headphones,Books,52.64,12,18.9,2024-12-20,East,PayPal,1.0,426.88,True
1163,2164,Laptop,Food,12.04,1,25.6,2024-06-20,South,PAYPAL,1.0,215.76,True
1164,2165,Laptop,Sports,141.99,19,34.0,2022-11-06,East,PayPal,4.0,136.3,False
1165,2166,Keyboard,Books,74.29,9,39.1,2022-09-27,West,PayPal,4.0,162.35,False
1166,2167,Laptop,Food,62.22,5,16.4,2024-06-04,North,Credit Card,4.0,277.74,False
1167,2168,Laptop,Clothing,73.63,13,32.3,2024-12-19,West,Credit Card,2.0,143.3,False
1168,2169,Tablet,Food,58.23,10,38.5,2022-02-02,East,Cash,5.0,278.2,False
1169,2170,Phone,Sports,77.75,6,35.8,2024-08-18,South,PAYPAL,1.0,211.17,False
1170,2171,Camera,Sports,78.52,16,3.7,2024-07-04,North,credit card,5.0,203.99,True
1171,2172,Phone,Electronics,52.58,5,38.6,2022-08-26,West,PayPal,4.0,31.53,False
1172,2173,Phone,Home,189.13,1,30.6,2024-03-15,South,PayPal,5.0,15.2,False
1173,2174,Headphones,Electronics,33.05,14,1.0,2023-04-03,South,credit card,5.0,345.4,False
1174,2175,Tablet,Books,35.64,7,9.0,2023-09-22,North,PayPal,5.0,651.45,True
1175,2176,Tablet,Clothing,7.17,2,33.8,2024-01-22,South,Credit Card,4.0,196.9,False
1176,2177,Monitor,Food,5.15,10,20.8,2022-08-01,East,PayPal,3.0,180.66,False
1177,2178,Laptop,Clothing,324.72,19,36.4,2022-10-18,South,Cash,2.0,120.71,True
1178,2179,Keyboard,Sports,50.5,8,34.2,2022-09-22,West,Credit Card,5.0,113.76,False
1179,2180,Camera,Home,44.87,16,11.0,2022-10-05,West,Cash,4.0,41.06,False
1180,2181,Phone,Home,34.88,3,33.6,2024-06-20,West,Cash,4.0,71.85,False
1181,2182,Camera,Books,532.32,7,12.7,2022-06-13,South,credit card,2.0,95.55,False
1182,2183,Phone,Food,12.71,19,4.6,2023-06-14,North,PAYPAL,5.0,537.74,False
1183,2184,Keyboard,Books,405.04,8,0.9,2022-10-24,West,credit card,4.0,240.62,False
1184,2185,Keyboard,Home,67.61,10,30.4,2024-09-30,East,PayPal,3.0,226.31,False
1185,2186,Camera,Food,9.01,10,2.3,2024-12-21,South,PayPal,3.0,159.59,True
1186,2187,Tablet,Food,66.64,18,8.7,2023-07-20,South,PayPal,1.0,87.43,True
1187,2188,Other,Sports,118.17,16,,2022-05-20,North,Credit Card,2.0,46.66,False
1188,2189,Monitor,Clothing,35.95,6,9.5,2023-08-09,East,Cash,2.0,222.87,False
1189,2190,Other,Electronics,36.35,12,23.6,2023-04-20,East,PayPal,5.0,163.61,False
1190,2191,Headphones,Sports,36.02,6,12.3,2023-06-13,West,PayPal,2.0,279.43,True
1191,2192,Monitor,Sports,17.64,7,29.5,2022-02-11,West,Cash,2.0,135.98,False
1192,2193,Keyboard,Books,93.44,6,7.2,2022-01-21,South,Credit Card,3.0,118.66,False
1193,2194,Laptop,Sports,62.14,1,9.1,2022-08-13,North,credit card,4.0,147.63,False
1194,2195,Headphones,Books,33.54,15,8.7,2023-09-19,South,PayPal,,106.07,True
1195,2196,Phone,Food,7.34,17,35.7,2023-12-21,West,Credit Card,5.0,198.7,False
1196,2197,Headphones,Home,26.8,16,29.4,2022-12-27,West,credit card,1.0,89.52,False
1197,2198,Laptop,Sports,53.19,15,8.6,2022-07-10,North,Credit Card,1.0,462.41,True
1198,2199,Laptop,Books,842.54,6,36.3,2023-06-14,West,Credit Card,3.0,499.51,False
1199,2200,Monitor,Clothing,88.9,15,19.5,2024-03-03,West,Credit Card,2.0,586.53,False
1200,2201,Monitor,Electronics,56.48,14,1.1,2024-03-17,West,credit card,5.0,265.82,False
1201,2202,Keyboard,Clothing,149.39,3,17.6,2024-10-23,East,Cash,1.0,0.73,True
1202,2203,Headphones,Home,46.13,7,27.8,2024-11-25,East,Cash,1.0,42.71,False
1203,2204,Headphones,Clothing,49.84,17,2.6,2022-01-30,North,PAYPAL,2.0,166.6,False
1204,2205,Keyboard,Clothing,106.22,19,27.1,2022-02-21,East,PayPal,1.0,139.39,False
1205,2206,Phone,Electronics,130.61,6,2.9,2022-10-19,South,Credit Card,4.0,982.54,False
1206,2207,Phone,Sports,79.49,6,10.7,2024-11-29,South,PayPal,2.0,684.67,False
1207,2208,Phone,Sports,24.04,2,9.6,2022-12-29,West,PAYPAL,1.0,461.48,True
1208,2209,Monitor,Books,96.34,1,22.0,2024-11-30,South,PAYPAL,4.0,1623.82,False
1209,2210,Monitor,Books,12.66,18,3.8,2023-02-24,,PayPal,3.0,274.79,False
1210,2211,Phone,Clothing,12.9,6,4.5,2023-08-22,South,PAYPAL,5.0,179.46,False
1211,2212,Headphones,Home,65.6,2,28.8,2023-01-17,South,Cash,5.0,1135.93,False
1212,2213,Camera,Clothing,113.22,10,24.4,2022-12-26,West,PAYPAL,5.0,383.59,False
1213,2214,Monitor,Electronics,38.91,9,18.9,2023-09-23,South,PayPal,3.0,189.6,False
1214,2215,Keyboard,Home,1.91,7,38.5,2024-04-14,South,PayPal,5.0,672.96,False
1215,2216,Headphones,Electronics,2.29,13,14.6,2024-07-16,South,Cash,5.0,812.97,True
1216,2217,Camera,Food,45.08,19,35.5,2024-10-17,North,Credit Card,3.0,93.15,False
1217,2218,Phone,Electronics,73.4,1,4.2,2024-12-04,East,Cash,5.0,398.28,True
1218,2219,Phone,Home,181.07,2,19.0,2022-05-05,South,PayPal,1.0,181.67,False
1219,2220,Tablet,Clothing,8.04,13,1.9,2023-05-06,East,Credit Card,1.0,19.07,False
1220,2221,Tablet,Sports,82.26,10,17.5,2024-11-18,North,Credit Card,2.0,759.72,False
1221,2222,Keyboard,Clothing,11.88,16,11.3,2022-08-16,West,PayPal,5.0,14.58,False
1222,2223,Keyboard,Clothing,712.63,7,36.5,2022-02-13,East,PayPal,2.0,53.88,False
1223,2224,Monitor,Sports,50.99,5,23.6,2022-12-01,North,Cash,4.0,286.41,False
1224,2225,Tablet,Clothing,25.14,2,19.9,2024-06-02,East,PayPal,4.0,633.18,False
1225,2226,Keyboard,Electronics,14.26,6,7.6,2023-05-08,West,PayPal,2.0,702.4,False
1226,2227,Phone,Home,57.68,6,12.7,2022-07-23,West,PayPal,1.0,659.43,True
1227,2228,,Clothing,21.52,18,18.9,2023-02-28,East,Credit Card,1.0,49.16,False
1228,2229,Headphones,Clothing,112.37,4,22.0,2023-09-06,West,Credit Card,4.0,303.45,False
1229,2230,Phone,Home,98.27,7,12.5,2024-07-19,North,PAYPAL,5.0,321.08,False
1230,2231,Camera,Food,101.34,3,39.1,2024-04-10,East,PAYPAL,2.0,35.78,False
1231,2232,Camera,Sports,28.96,18,30.6,2022-03-28,East,PayPal,1.0,134.6,False
1232,2233,Camera,Clothing,33.05,9,6.3,2023-10-04,South,Cash,2.0,65.65,False
1233,2234,Headphones,Clothing,126.9,12,4.0,2022-05-09,North,PAYPAL,2.0,269.25,False
1234,2235,Phone,Sports,94.64,7,8.2,2023-07-31,North,credit card,3.0,521.3,False
1235,2236,Laptop,Clothing,303.38,14,1.8,2024-03-15,West,Credit Card,5.0,276.2,False
1236,2237,Laptop,Home,15.24,16,31.4,2023-03-19,West,Credit Card,,36.63,False
1237,2238,Camera,Clothing,25.87,4,9.6,2023-06-17,West,Credit Card,3.0,245.37,False
1238,2239,Laptop,Sports,18.88,12,17.4,2023-07-02,South,Credit Card,3.0,1147.32,False
1239,2240,Other,Books,6.73,6,1.9,2024-10-18,South,Credit Card,2.0,235.78,False
1240,2241,Keyboard,Home,38.34,2,31.9,2023-06-03,North,Credit Card,4.0,52.89,False
1241,2242,Headphones,Clothing,9.1,8,32.8,2022-02-17,West,Credit Card,4.0,215.19,False
1242,2243,Monitor,Food,19.75,7,14.3,2023-10-02,North,PayPal,3.0,870.96,False
1243,2244,Monitor,Sports,60.93,16,7.6,2023-05-03,West,Credit Card,4.0,122.1,False
1244,2245,Monitor,Electronics,486.76,9,33.7,2024-08-02,North,Cash,5.0,500.77,False
1245,2246,Camera,Sports,90.6,17,38.2,2023-08-18,North,Credit Card,4.0,657.27,False
1246,2247,Laptop,Sports,21.75,8,11.6,2024-09-27,North,Credit Card,2.0,139.77,False
1247,2248,Other,Home,159.62,8,29.9,2022-06-11,East,Credit Card,1.0,308.43,False
1248,2249,Camera,Home,290.14,1,16.4,2022-12-04,East,PayPal,4.0,889.5,False
1249,2250,Laptop,Electronics,6.04,2,18.7,2022-08-20,South,Credit Card,5.0,294.32,True
1250,2251,Keyboard,Electronics,63.49,9,2.4,2023-12-06,North,Cash,2.0,7.35,False
1251,2252,Monitor,Clothing,20.36,16,5.7,2023-06-15,East,Cash,5.0,1859.06,False
1252,2253,Tablet,Sports,75.72,3,29.7,2022-05-25,West,Cash,4.0,109.57,False
1253,2254,Camera,Sports,16.9,19,24.5,2022-11-03,East,PAYPAL,5.0,199.1,False
1254,2255,Monitor,Home,37.35,7,34.9,2024-09-21,East,PAYPAL,2.0,48.51,False
1255,2256,Laptop,Books,15.32,13,28.3,2023-05-03,North,credit card,5.0,847.16,False
1256,2257,Keyboard,Food,32.46,8,1.7,2024-06-28,North,Cash,5.0,921.7,False
1257,2258,Keyboard,Sports,50.7,17,15.1,2022-09-23,South,PayPal,4.0,191.45,False
1258,2259,Laptop,Clothing,8.41,16,10.0,2022-12-01,North,PAYPAL,1.0,834.92,False
1259,2260,Laptop,Home,38.93,13,21.0,2022-11-03,East,Cash,5.0,169.53,False
1260,2261,Phone,Sports,47.56,8,35.4,2023-01-08,North,PayPal,5.0,223.91,False
1261,2262,Headphones,Clothing,54.03,6,10.7,2024-02-05,North,PayPal,4.0,350.08,False
1262,2263,Camera,Sports,196.57,18,37.2,2022-08-08,East,PayPal,1.0,459.54,False
1263,2264,Camera,Home,35.32,1,18.7,2022-10-15,East,PayPal,5.0,388.09,False
1264,2265,Phone,Books,12.25,16,22.3,2024-08-20,West,PayPal,4.0,67.49,True
1265,2266,Headphones,Food,13.94,5,23.0,2022-05-13,East,Credit Card,2.0,546.31,False
1266,2267,Keyboard,Electronics,25.4,12,7.3,2024-07-04,North,PayPal,1.0,514.03,False
1267,2268,Phone,Books,11.73,9,,2022-06-18,North,PayPal,2.0,354.63,False
1268,2269,Camera,Clothing,138.35,9,14.3,2024-11-06,West,Credit Card,2.0,142.15,False
1269,2270,Phone,Sports,214.82,19,22.0,2022-03-26,West,PAYPAL,1.0,466.43,False
1270,2271,Monitor,Home,14.82,18,19.5,2024-07-15,North,PayPal,5.0,66.17,False
1271,2272,Phone,Sports,231.58,4,31.5,2024-08-18,South,Credit Card,5.0,11.66,False
1272,2273,Phone,Electronics,15.31,9,23.8,2023-02-20,North,Cash,3.0,796.02,False
1273,2274,Camera,Electronics,111.19,17,20.9,2022-09-23,North,Cash,2.0,2052.77,False
1274,2275,Camera,Clothing,22.51,8,19.0,2023-10-23,East,Credit Card,5.0,1093.22,False
1275,2276,Monitor,Books,315.27,3,33.2,2022-05-26,North,PayPal,2.0,715.69,False
1276,2277,Phone,Books,34.43,19,39.2,2024-12-01,North,Cash,2.0,30.1,False
1277,2278,Phone,Clothing,77.85,14,31.2,2022-12-20,West,PayPal,4.0,42.67,False
1278,2279,Laptop,Books,42.19,19,5.8,2022-11-12,West,Cash,5.0,47.92,False
1279,2280,Headphones,Electronics,218.32,17,30.6,2023-08-05,North,Credit Card,3.0,105.91,False
1280,2281,Laptop,Sports,43.98,12,28.1,2024-09-16,South,Cash,1.0,36.61,False
1281,2282,Camera,Sports,89.02,1,29.9,2023-02-22,West,Cash,5.0,2136.32,False
1282,2283,Monitor,Food,70.18,13,30.6,2024-05-26,South,PAYPAL,2.0,58.74,False
1283,2284,Keyboard,Home,55.15,9,9.9,2022-06-15,East,Credit Card,1.0,36.42,False
1284,2285,,Home,64.9,10,2.4,2023-11-28,East,credit card,2.0,368.27,False
1285,2286,Camera,Books,11.41,8,39.9,2023-03-11,East,Credit Card,3.0,16.46,False
1286,2287,Monitor,Books,220.06,8,29.7,2023-06-27,North,Cash,3.0,58.27,False
1287,2288,Monitor,Home,162.67,9,2.8,2022-08-15,North,Credit Card,2.0,461.08,False
1288,2289,Tablet,Clothing,120.7,8,2.4,2024-02-12,East,Credit Card,2.0,919.48,False
1289,2290,Headphones,Food,78.47,3,30.3,2023-10-26,East,PayPal,3.0,498.71,False
1290,2291,Headphones,Clothing,20.33,6,0.1,2024-11-25,West,PAYPAL,3.0,128.72,False
1291,2292,Other,Home,109.12,11,8.9,2024-09-22,North,PayPal,1.0,16.56,False
1292,2293,Laptop,Books,166.56,1,2.0,2022-08-11,East,Credit Card,1.0,20.2,False
1293,2294,Headphones,Books,14.57,9,17.4,2022-03-08,South,Cash,1.0,492.28,False
1294,2295,Keyboard,Clothing,133.22,19,11.8,2023-12-30,East,PayPal,1.0,1114.75,True
1295,2296,Laptop,Clothing,42.27,15,20.9,2022-10-29,East,credit card,4.0,1061.87,False
1296,2297,Laptop,Home,231.4,17,26.4,2024-04-14,West,Cash,1.0,108.22,False
1297,2298,Keyboard,Home,37.42,7,29.2,2023-04-20,,Credit Card,4.0,487.3,False
1298,2299,Keyboard,Home,53.03,9,14.4,2022-09-22,South,Cash,1.0,104.29,False
1299,2300,Camera,Books,141.84,10,9.3,2022-08-02,South,PAYPAL,2.0,442.23,False
1300,2301,Phone,Sports,70.53,9,36.3,2022-07-03,North,PayPal,4.0,7.17,False
1301,2302,Headphones,Sports,65.32,5,14.2,2024-12-17,North,Cash,5.0,672.88,False
1302,2303,Keyboard,Sports,56.03,6,12.5,2023-03-23,South,credit card,2.0,676.83,False
1303,2304,Tablet,Clothing,187.83,10,26.2,2023-01-04,North,PayPal,5.0,2169.29,False
1304,2305,Keyboard,Home,63.95,4,35.1,2023-09-09,West,Credit Card,2.0,19.42,False
1305,2306,Tablet,Sports,9.51,11,21.7,2023-04-15,East,Credit Card,,596.92,False
1306,2307,Phone,Books,42.51,12,36.4,2023-12-21,East,PayPal,2.0,330.36,False
1307,2308,Camera,Electronics,39.16,10,34.3,2024-02-11,South,credit card,5.0,101.62,False
1308,2309,Other,Sports,8.02,1,4.1,2022-01-29,North,PAYPAL,3.0,320.64,False
1309,2310,Headphones,Home,206.06,6,13.8,2022-07-08,South,PayPal,4.0,216.02,False
1310,2311,Headphones,Books,46.38,13,16.2,2023-09-25,East,PayPal,2.0,439.62,False
1311,2312,Keyboard,Clothing,22.83,12,6.2,2022-01-09,East,credit card,3.0,1385.4,False
1312,2313,Headphones,Food,20.62,5,19.9,2024-12-02,South,credit card,4.0,324.32,False
1313,2314,Monitor,Electronics,56.08,15,7.1,2022-11-15,South,Cash,4.0,1160.76,False
1314,2315,Laptop,Food,16.39,1,20.2,2022-12-25,West,Credit Card,5.0,177.93,False
1315,2316,Headphones,Home,10.88,15,33.3,2024-03-19,North,PayPal,5.0,565.91,False
1316,2317,Keyboard,Books,32.22,4,0.2,2022-11-02,South,Cash,4.0,206.91,False
1317,2318,Headphones,Clothing,20.05,7,14.0,2022-04-28,East,Credit Card,5.0,200.1,False
1318,2319,Tablet,Books,529.46,3,9.8,2024-08-13,West,credit card,5.0,151.15,False
1319,2320,Tablet,Food,26.84,12,34.3,2022-09-19,North,Credit Card,,27.53,False
1320,2321,Tablet,Home,147.25,9,1.4,2023-03-11,South,PayPal,2.0,55.65,False
1321,2322,Tablet,Food,18.99,7,38.8,2024-06-18,North,credit card,1.0,724.72,False
1322,2323,Headphones,Sports,51.52,11,26.8,2022-11-14,West,credit card,2.0,320.94,False
1323,2324,Keyboard,Electronics,219.06,5,23.4,2023-01-03,South,Credit Card,3.0,55.11,False
1324,2325,Other,Sports,67.56,18,2.5,2023-08-28,East,Credit Card,3.0,223.42,True
1325,2326,Tablet,Home,58.58,3,37.7,2024-09-13,East,PayPal,4.0,322.46,False
1326,2327,Monitor,Books,84.69,5,3.5,2022-04-12,South,PAYPAL,4.0,32.3,False
1327,2328,Phone,Food,31.18,10,8.2,2022-04-04,West,PayPal,1.0,23.4,False
1328,2329,Camera,Food,11.39,9,18.4,2023-07-28,West,Credit Card,3.0,220.11,False
1329,2330,Headphones,Electronics,108.7,8,17.9,2024-09-24,East,Credit Card,3.0,381.5,False
1330,2331,Monitor,Sports,7.77,10,22.2,2022-06-28,North,credit card,2.0,116.83,False
1331,2332,Laptop,Sports,156.89,13,2.8,2022-10-21,South,Cash,,130.13,False
1332,2333,Laptop,Sports,40.23,11,3.2,2022-04-19,North,Credit Card,3.0,244.73,False
1333,2334,Laptop,Electronics,58.38,14,3.9,2022-05-16,West,Cash,2.0,142.23,False
1334,2335,Phone,Clothing,92.63,3,38.1,2022-10-06,South,credit card,1.0,523.27,False
1335,2336,Keyboard,Electronics,2.33,3,26.5,2022-03-08,South,PayPal,4.0,168.01,False
1336,2337,Camera,Clothing,93.57,10,15.7,2022-06-16,North,credit card,5.0,72.96,False
1337,2338,Monitor,Food,71.04,15,37.3,2023-09-19,West,PAYPAL,4.0,448.54,True
1338,2339,Phone,Sports,9.23,18,9.2,2024-10-31,East,PAYPAL,5.0,484.09,True
1339,2340,Tablet,Electronics,55.1,2,4.7,2024-12-22,North,PAYPAL,5.0,197.72,False
1340,2341,Headphones,Sports,34.63,17,9.6,2023-03-17,East,credit card,5.0,509.46,False
1341,2342,Headphones,Sports,103.42,1,26.2,2024-10-04,South,PayPal,1.0,325.57,False
1342,2343,Phone,Clothing,61.37,10,33.9,2023-04-06,South,Credit Card,1.0,20.3,False
1343,2344,Tablet,Electronics,70.87,6,19.9,2023-10-17,East,Credit Card,2.0,269.49,False
1344,2345,Keyboard,Electronics,17.44,6,17.2,2024-05-08,South,PayPal,2.0,647.19,False
1345,2346,Monitor,Electronics,10.39,7,26.0,2023-10-12,West,Credit Card,1.0,194.48,False
1346,2347,Laptop,Clothing,220.89,11,16.9,2022-01-25,North,PayPal,4.0,71.63,False
1347,2348,Phone,Books,282.55,5,5.4,2023-08-16,South,credit card,5.0,121.35,False
1348,2349,Laptop,Food,19825.31665425463,8,30.8,2024-09-20,South,credit card,1.0,88.46,False
1349,2350,Headphones,Food,86.32,13,10.2,2022-07-27,North,Cash,3.0,103.76,True
1350,2351,Phone,Sports,76.0,7,32.0,2023-12-05,West,PayPal,2.0,932.73,False
1351,2352,Keyboard,Home,12.46,8,36.4,2024-07-26,South,credit card,2.0,18.12,False
1352,2353,Keyboard,Electronics,27.01,14,28.4,2022-05-26,South,PayPal,1.0,344.41,False
1353,2354,Headphones,Books,332.04,9,14.1,2022-08-23,South,Cash,3.0,7.85,False
1354,2355,Monitor,Home,65.0,10,1.3,2023-11-22,South,Cash,5.0,36.64,False
1355,2356,Headphones,Electronics,122.92,8,1.7,2023-06-21,East,PayPal,2.0,415.28,False
1356,2357,Laptop,Home,119.88,10,5.5,2022-04-15,South,Credit Card,4.0,66.98,False
1357,2358,Headphones,Electronics,438.78,15,39.0,2024-09-09,North,PayPal,1.0,946.65,False
1358,2359,Keyboard,Electronics,69.0,4,2.0,2023-02-06,West,Cash,1.0,352.54,False
1359,2360,Laptop,Books,21.61,12,6.5,2024-03-22,North,Cash,3.0,486.89,False
1360,2361,Camera,Books,20.72,14,34.9,2022-04-08,North,Credit Card,1.0,24.84,False
1361,2362,Laptop,Home,17.81,2,20.6,2022-03-27,West,Credit Card,5.0,418.02,False
1362,2363,Laptop,Electronics,31.11,6,35.7,2023-06-07,East,Cash,3.0,109.62,False
1363,2364,Monitor,Food,124.87,5,37.9,2022-04-30,South,credit card,3.0,68.04,False
1364,2365,Phone,Home,64.14,18,25.7,2024-03-22,North,PayPal,3.0,651.83,True
1365,2366,Keyboard,Electronics,42.21,9,9.7,2024-06-09,South,Credit Card,5.0,892.62,False
1366,2367,Phone,Books,110.48,7,37.0,2022-10-18,West,Credit Card,1.0,37.37,True
1367,2368,Phone,Electronics,172.14,12,,2023-05-13,North,credit card,2.0,679.95,False
1368,2369,Camera,Clothing,150.27,6,15.6,2023-12-07,South,Cash,1.0,8.95,False
1369,2370,Camera,Home,86.48,1,1.3,2024-07-15,North,PayPal,2.0,5.51,False
1370,2371,Tablet,Sports,62.6,1,21.6,2022-03-20,East,credit card,4.0,706.0,False
1371,2372,Phone,Clothing,57.9,16,11.2,2022-04-19,West,PayPal,5.0,245.35,False
1372,2373,Monitor,Clothing,13.36,16,37.8,2022-05-22,East,PayPal,1.0,106.35,False
1373,2374,Phone,Home,9.25,14,31.4,2024-04-16,South,credit card,1.0,97.04,False
1374,2375,Laptop,Books,7.57,8,24.3,2024-12-20,South,credit card,5.0,25.25,False
1375,2376,Headphones,Sports,61.37,1,25.8,2023-08-16,South,PAYPAL,,635.14,False
1376,2377,Monitor,Home,93.81,7,34.1,2023-01-24,South,PAYPAL,1.0,609.85,False
1377,2378,Keyboard,Books,47.89,8,39.6,2024-08-04,West,Cash,1.0,12.85,False
1378,2379,Laptop,Sports,21.65,17,31.1,2023-10-27,North,credit card,1.0,205.17,True
1379,2380,Laptop,Books,54.76,10,6.9,2022-09-05,East,PAYPAL,4.0,86.72,True
1380,2381,Laptop,Food,338.02,18,17.6,2023-04-07,West,credit card,5.0,33.11,False
1381,2382,Monitor,Books,66.85,9,25.0,2023-01-13,North,PAYPAL,5.0,393.08,False
1382,2383,Monitor,Electronics,45.02,18,26.3,2022-01-24,East,credit card,4.0,25.12,False
1383,2384,Camera,Sports,28332.071946353393,15,26.1,2022-02-07,West,Cash,1.0,64.43,True
1384,2385,Phone,Books,17.87,16,13.2,2024-07-09,South,Cash,1.0,33.27,False
1385,2386,Headphones,Food,122.29,18,15.6,2023-08-25,East,Credit Card,3.0,139.5,False
1386,2387,Other,Food,37.79,16,38.9,2022-01-15,East,Credit Card,1.0,221.74,False
1387,2388,Laptop,Food,17.45,16,39.4,2023-02-15,South,PAYPAL,2.0,453.56,False
1388,2389,Monitor,Home,66.18,19,16.7,2022-08-19,East,PAYPAL,5.0,202.08,False
1389,2390,Keyboard,Food,118.42,19,5.6,2023-08-24,South,credit card,2.0,,False
1390,2391,Headphones,Electronics,34.83,2,1.6,2023-04-19,South,PayPal,4.0,9.65,True
1391,2392,,Books,182.28,5,22.7,2024-07-31,West,Credit Card,2.0,52.06,False
1392,2393,Laptop,Books,49.55,17,37.4,2022-10-15,West,credit card,1.0,37.66,False
1393,2394,Headphones,Electronics,79.0,1,20.7,2022-01-01,East,Credit Card,5.0,111.34,False
1394,2395,Keyboard,Clothing,82.49,1,23.0,2022-09-03,South,Cash,2.0,6.71,False
1395,2396,Headphones,Food,29.59,16,25.4,2023-04-19,North,credit card,1.0,626.74,False
1396,2397,Phone,Sports,10.81,16,13.6,2024-02-05,South,Credit Card,3.0,240.15,True
1397,2398,Tablet,Food,92.17,11,10.2,2023-03-21,North,credit card,5.0,69.26,False
1398,2399,Phone,Home,151.47,16,29.6,2023-04-09,North,PayPal,2.0,14.07,False
1399,2400,Monitor,Books,54.18,11,35.8,2023-02-28,North,Credit Card,3.0,916.22,False
1400,2401,Laptop,Electronics,48.18,14,21.1,2022-11-02,West,Credit Card,4.0,603.76,False
1401,2402,Keyboard,Food,29.44,6,19.8,2022-02-13,West,Credit Card,1.0,9.23,False
1402,2403,Phone,Sports,44.08,7,11.4,2024-03-19,South,PayPal,2.0,217.4,False
1403,2404,Other,Home,146.48,11,14.5,2022-03-27,North,Credit Card,5.0,234.79,False
1404,2405,Tablet,Electronics,5.81,14,28.7,2024-03-31,West,Cash,1.0,259.31,False
1405,2406,Headphones,Food,14.09,10,17.7,2023-05-18,North,PAYPAL,3.0,633.59,False
1406,2407,Laptop,Electronics,14.35,16,30.0,2023-03-11,South,Cash,2.0,546.69,True
1407,2408,Other,Books,119.9,16,15.7,2024-10-14,North,Credit Card,3.0,9.91,False
1408,2409,Laptop,Clothing,79.41,11,29.9,2024-12-15,West,PAYPAL,1.0,804.67,False
1409,2410,Camera,Books,131.09,15,1.7,2023-04-27,West,PayPal,5.0,129.33,True
1410,2411,Monitor,Books,31.84,19,35.3,2024-06-15,South,Cash,5.0,143.86,False
1411,2412,Headphones,Home,182.39,8,20.3,2024-10-24,East,Cash,4.0,142.23,False
1412,2413,Camera,Sports,21.15,19,32.8,2022-12-12,East,credit card,1.0,68.28,True
1413,2414,Headphones,Books,139.38,8,14.1,2024-10-05,South,PayPal,5.0,363.76,False
1414,2415,Monitor,Sports,169.87,8,35.3,2023-10-03,East,PayPal,3.0,750.82,False
1415,2416,Monitor,Electronics,106.38,3,1.5,2022-02-12,East,Cash,1.0,856.08,True
1416,2417,Camera,Electronics,282.81,13,22.0,2022-02-04,West,Cash,1.0,125.36,False
1417,2418,Other,Food,38.73,8,13.5,2022-10-22,South,PayPal,2.0,176.74,False
1418,2419,Monitor,Electronics,138.33,12,37.6,2023-11-18,North,PayPal,3.0,14.69,False
1419,2420,Laptop,Food,136.04,2,38.4,2024-08-08,West,Cash,2.0,34.24,False
1420,2421,Keyboard,Food,84.53,3,25.9,2023-03-17,North,Cash,4.0,227.04,False
1421,2422,Tablet,Books,31.91,8,35.4,2023-09-01,West,Cash,3.0,1058.56,False
1422,2423,Laptop,Sports,26.29,7,13.1,2024-05-20,East,PayPal,4.0,456.99,False
1423,2424,Camera,Sports,162.01,2,24.1,2024-01-15,East,credit card,4.0,6.21,False
1424,2425,Tablet,Books,43.4,3,8.3,2023-08-02,South,PAYPAL,1.0,1086.21,False
1425,2426,Keyboard,Books,45.59,7,26.6,2023-08-26,South,Cash,1.0,460.08,True
1426,2427,Laptop,Electronics,36.63,9,13.6,2022-01-18,South,PayPal,3.0,187.19,False
1427,2428,Other,Electronics,599.6,14,28.1,2022-02-06,South,Cash,5.0,9.75,True
1428,2429,Headphones,Electronics,29.85,15,26.7,2022-02-11,West,PayPal,4.0,53.01,False
1429,2430,Phone,Clothing,22.13,7,11.6,2024-04-03,West,PayPal,3.0,410.63,False
1430,2431,Monitor,Books,55.91,7,38.8,2024-06-16,East,PayPal,4.0,241.12,False
1431,2432,Monitor,Home,242.81,14,30.8,2022-06-29,East,PayPal,4.0,110.07,False
1432,2433,Keyboard,Electronics,110.36,5,33.0,2023-07-14,West,PAYPAL,1.0,18.51,False
1433,2434,Other,Clothing,51.87,4,19.4,2024-08-28,East,credit card,5.0,162.41,False
1434,2435,Camera,Food,1485.7,11,27.5,2023-07-17,North,credit card,4.0,156.85,False
1435,2436,Tablet,Books,89.08,18,24.4,2023-11-05,South,Credit Card,4.0,125.58,False
1436,2437,Headphones,Electronics,517.58,10,5.5,2022-07-08,East,PAYPAL,2.0,583.85,False
1437,2438,Keyboard,Sports,62.53,18,18.1,2023-11-01,West,PAYPAL,5.0,440.62,False
1438,2439,Headphones,Home,97.84,17,38.2,2023-02-14,West,Cash,4.0,8.01,True
1439,2440,Phone,Books,109.05,17,39.1,2023-03-31,West,Cash,3.0,18.79,False
1440,2441,Phone,Clothing,88.37,500,27.2,2024-05-06,South,Cash,4.0,209.01,False
1441,2442,Keyboard,Books,69.16,10,16.4,2022-12-28,East,Cash,5.0,1.35,True
1442,2443,Tablet,Electronics,52.8,2,28.8,2024-07-22,East,Cash,3.0,623.36,True
1443,2444,Monitor,Books,34.81,13,25.8,2022-06-25,East,PayPal,1.0,46.53,False
1444,2445,Laptop,Sports,59.14,2,9.6,2022-05-04,South,PAYPAL,2.0,28.64,False
1445,2446,Laptop,Food,74.97,7,18.4,2024-11-16,West,Credit Card,5.0,85.89,True
1446,2447,Laptop,Home,30.91,17,14.8,2022-10-06,South,Cash,4.0,214.53,False
1447,2448,Camera,Electronics,102.15,15,14.8,2024-03-17,South,PAYPAL,,176.75,False
1448,2449,Monitor,Food,129.39,5,14.7,2024-06-10,South,Cash,1.0,44.95,False
1449,2450,Keyboard,Books,88.18,16,7.9,2023-06-28,North,Credit Card,5.0,918.85,False
1450,2451,Headphones,Home,75.58,17,5.2,2024-12-01,North,PAYPAL,4.0,420.56,False
1451,2452,Camera,Sports,187.51,14,22.4,2022-01-10,North,Credit Card,,211.39,False
1452,2453,Keyboard,Home,5.19,8,24.2,2022-04-11,North,PAYPAL,4.0,44.78,False
1453,2454,Keyboard,Food,11.56,15,10.8,2023-08-23,East,Cash,3.0,28.58,False
1454,2455,Headphones,Clothing,202.43,4,39.7,2022-03-25,South,credit card,2.0,61.54,False
1455,2456,Keyboard,Electronics,43.94,18,34.1,2023-02-18,South,credit card,1.0,181.7,False
1456,2457,Keyboard,Sports,117.2,11,5.6,2023-11-14,East,Cash,5.0,738.61,False
1457,2458,Monitor,Home,63.97,2,9.5,2024-09-25,North,PayPal,5.0,235.45,False
1458,2459,Laptop,Home,18.28,15,22.2,2022-01-01,North,Cash,2.0,717.68,False
1459,2460,Headphones,Books,35.61,19,33.0,2023-05-30,East,credit card,2.0,413.4,False
1460,2461,Tablet,Electronics,23.5,8,11.1,2022-01-03,North,Credit Card,3.0,76.95,False
1461,2462,Monitor,Home,,19,,2022-03-22,South,Credit Card,4.0,13.49,False
1462,2463,Headphones,Books,32.62,11,39.7,2023-09-29,West,Credit Card,4.0,1233.78,False
1463,2464,Keyboard,Clothing,24.38,14,33.5,2022-02-11,North,credit card,5.0,444.61,True
1464,2465,Keyboard,Clothing,73.33,6,34.5,2024-10-10,West,PayPal,1.0,739.63,True
1465,2466,Tablet,Home,146.04,19,4.2,2023-08-14,North,PayPal,4.0,108.88,False
1466,2467,Camera,Electronics,433.11,14,13.5,2022-07-17,West,Cash,2.0,34.85,True
1467,2468,Monitor,Food,74.68,7,20.1,2023-05-27,,PayPal,3.0,399.82,False
1468,2469,Headphones,Sports,82.97,9,5.1,2024-12-04,South,PayPal,1.0,254.04,False
1469,2470,Camera,Food,110.79,8,30.0,2024-09-14,East,Credit Card,1.0,43.85,False
1470,2471,Phone,Home,37.31,7,8.2,2022-04-15,East,PayPal,3.0,84.99,True
1471,2472,Monitor,Books,27.51,16,23.1,2023-05-22,South,Cash,,524.8,False
1472,2473,Headphones,Food,71.23,13,8.4,2024-12-09,West,Credit Card,4.0,506.12,True
1473,2474,Tablet,Clothing,55.58,16,9.0,2024-09-27,West,PayPal,3.0,186.0,False
1474,2475,Other,Clothing,103.48,12,27.6,2023-05-04,West,Credit Card,2.0,804.92,False
1475,2476,Headphones,Home,111.42,15,26.4,2024-08-12,West,credit card,4.0,157.66,False
1476,2477,Monitor,Clothing,103.45,13,37.7,2024-12-20,North,Credit Card,,92.7,True
1477,2478,Tablet,Home,56.61,1,6.8,2023-04-28,West,credit card,3.0,0.49,False
1478,2479,Phone,Electronics,369.03,15,18.3,2022-09-22,South,Cash,5.0,185.58,False
1479,2480,Keyboard,Sports,102.01,17,30.8,2022-11-27,East,Credit Card,2.0,351.89,False
1480,2481,Keyboard,Books,157.5,12,26.3,2023-12-04,West,Credit Card,3.0,650.15,False
1481,2482,Keyboard,Sports,34.99,10,39.2,2024-12-18,East,Credit Card,2.0,268.08,True
1482,2483,Laptop,Home,101.91,2,0.2,2022-02-17,South,PayPal,2.0,698.81,False
1483,2484,,Home,70.62,14,2.6,2022-05-15,East,Credit Card,5.0,172.85,False
1484,2485,Camera,Home,62.26,11,11.1,2023-08-12,South,Credit Card,5.0,270.8,False
1485,2486,Camera,Books,19.7,7,26.8,2022-03-28,South,Credit Card,5.0,23.7,False
1486,2487,Keyboard,Clothing,16.5,5,14.9,2023-02-26,West,PayPal,2.0,318.76,False
1487,2488,Headphones,Food,2.99,17,14.7,2022-03-23,South,Cash,1.0,112.09,False
1488,2489,Laptop,Books,106.13,19,23.1,2024-04-14,South,Credit Card,1.0,959.91,False
1489,2490,Headphones,Sports,45.1,7,0.4,2023-08-22,South,credit card,2.0,173.26,False
1490,2491,Monitor,Books,28.86,2,18.7,2023-02-26,South,PayPal,1.0,701.43,False
1491,2492,Keyboard,Electronics,18.87,10,21.0,2022-12-04,West,Credit Card,1.0,353.31,False
1492,2493,Keyboard,Home,,7,31.7,2022-06-22,North,Cash,3.0,350.71,False
1493,2494,Camera,Clothing,245.31,19,39.9,2022-05-26,North,Credit Card,1.0,975.28,False
1494,2495,Phone,Home,72.71,13,39.4,2024-02-25,South,PayPal,3.0,674.58,False
1495,2496,Tablet,Sports,14.36,6,23.2,2024-09-30,South,Cash,3.0,394.14,False
1496,2497,Tablet,Home,84.28,19,26.3,2022-07-27,West,credit card,5.0,278.01,False
1497,2498,Tablet,Food,162.91,16,2.1,2024-11-12,North,Credit Card,2.0,144.09,False
1498,2499,Camera,Books,308.84,15,34.0,2023-04-03,South,PAYPAL,4.0,91.88,False
1499,2500,Camera,Home,49.82,9,25.1,2022-08-21,South,Credit Card,4.0,331.14,True
1500,2501,Camera,Books,261.88,15,0.6,2023-03-28,South,Credit Card,2.0,86.6,False
1501,2502,Monitor,Clothing,60.61,12,0.2,2022-02-18,West,PayPal,3.0,518.6,False
1502,2503,Laptop,Sports,74.96,3,2.6,2023-11-27,,Cash,1.0,54.01,True
1503,2504,Phone,Sports,20.09,12,8.7,2022-09-24,North,Credit Card,1.0,265.05,False
1504,2505,Keyboard,Books,170.17,10,26.9,2024-11-24,West,credit card,1.0,296.77,False
1505,2506,Phone,Books,46.98,2,15.9,2022-04-04,East,Credit Card,1.0,187.04,False
1506,2507,Phone,Food,526.04,10,12.1,2024-03-26,West,Cash,5.0,60.39,False
1507,2508,Keyboard,Home,31.26,4,8.2,2024-08-27,North,credit card,3.0,411.44,False
1508,2509,Other,Food,57.34,7,37.7,2023-06-15,West,PayPal,4.0,3.0,False
1509,2510,Keyboard,Electronics,50.9,17,12.7,2022-07-22,West,Cash,2.0,626.74,False
1510,2511,Laptop,Sports,101.2,10,,2023-04-23,West,credit card,5.0,1612.81,False
1511,2512,Keyboard,Sports,58.54,16,9.9,2022-09-13,West,Credit Card,3.0,58.19,False
1512,2513,Keyboard,Clothing,88.34,1000,22.7,2023-03-26,South,PayPal,1.0,1037.01,False
1513,2514,Laptop,Books,70.32,15,,2023-10-07,West,credit card,5.0,117.27,False
1514,2515,Headphones,Sports,86.23,6,34.2,2022-07-28,West,Credit Card,1.0,,False
1515,2516,Phone,Books,47.01,12,6.5,2024-07-17,North,PAYPAL,3.0,107.66,False
1516,2517,Camera,Clothing,111.44,11,38.6,2023-03-14,West,Credit Card,2.0,60.21,False
1517,2518,Other,Books,29.23,15,0.3,2022-02-05,East,Credit Card,5.0,1135.3,False
1518,2519,Laptop,Food,5.78,4,26.9,2022-05-08,North,PayPal,2.0,696.47,True
1519,2520,Monitor,Food,117.34,7,12.4,2022-08-31,West,Cash,1.0,145.84,False
1520,2521,Monitor,Books,50.13,10,21.9,2022-02-11,West,PayPal,1.0,558.87,False
1521,2522,Monitor,Home,218.22,5,22.3,2023-06-04,East,Credit Card,3.0,587.11,False
1522,2523,Phone,Home,79.91,19,9.9,2024-03-25,South,credit card,5.0,337.57,False
1523,2524,Tablet,Home,215.71,12,39.1,2022-04-01,West,Cash,3.0,48.0,False
1524,2525,Camera,Food,101.5,15,12.8,2024-08-19,South,Credit Card,3.0,131.89,False
1525,2526,Camera,Electronics,44.74,13,38.4,2022-06-10,North,credit card,3.0,337.34,False
1526,2527,Phone,Books,74.24,5,31.8,2024-08-15,North,Credit Card,2.0,754.77,False
1527,2528,Phone,Books,115.94,16,35.0,2024-03-03,West,PayPal,4.0,1187.18,True
1528,2529,Other,Books,60.08,2,34.4,2022-05-01,East,Credit Card,1.0,82.62,False
1529,2530,Monitor,Clothing,35.9,12,19.8,2024-04-18,North,PAYPAL,1.0,76.21,False
1530,2531,Camera,Food,6.88,5,10.7,2023-04-19,East,Credit Card,2.0,106.18,True
1531,2532,Keyboard,Electronics,69.92,2,15.6,2023-05-03,East,PAYPAL,3.0,13.67,False
1532,2533,Camera,Food,39.02,10,1.6,2022-11-20,North,PayPal,4.0,35.4,False
1533,2534,Monitor,Electronics,49.44,10,3.0,2024-01-04,North,credit card,2.0,404.11,False
1534,2535,Monitor,Home,36.68,11,1.5,2024-12-22,West,PayPal,4.0,119.22,False
1535,2536,Camera,Electronics,55.06,8,6.9,2022-11-02,South,Credit Card,4.0,725.11,False
1536,2537,Laptop,Food,58.02,17,27.0,2024-01-05,West,Credit Card,2.0,719.2,False
1537,2538,Phone,Sports,127.02,3,3.8,2023-08-05,North,PayPal,4.0,226.11,False
1538,2539,Headphones,Sports,96.17,12,28.3,2022-11-08,,Cash,3.0,245.35,False
1539,2540,Laptop,Food,72.43,11,26.6,2022-12-13,East,credit card,4.0,179.0,False
1540,2541,Keyboard,Home,47.8,4,0.9,2024-03-29,South,credit card,4.0,105.76,False
1541,2542,Keyboard,Home,161.24,15,39.2,2022-01-14,East,Cash,1.0,902.61,False
1542,2543,Other,Books,117.61,5,30.8,2024-08-30,East,PayPal,2.0,250.47,True
1543,2544,Phone,Clothing,142.35,4,32.4,2022-09-30,North,Cash,1.0,122.99,False
1544,2545,Headphones,Electronics,29.0,11,26.1,2023-11-16,North,PayPal,5.0,885.74,False
1545,2546,Camera,Sports,39.26,14,33.5,2022-09-11,East,credit card,5.0,72.27,False
1546,2547,Monitor,Food,93.57,2,34.9,2024-08-09,South,PAYPAL,5.0,960.84,False
1547,2548,Phone,Books,129.88,13,6.0,2023-08-10,South,Credit Card,2.0,1355.44,True
1548,2549,Headphones,Sports,20.45,1,34.3,2024-10-08,East,PayPal,3.0,0.1,False
1549,2550,Phone,Books,13.31,15,6.9,2022-11-09,North,Cash,5.0,133.49,False
1550,2551,Headphones,Food,22.08,14,22.0,2022-03-29,North,Credit Card,5.0,515.82,False
1551,2552,Phone,Food,123.84,11,15.6,2023-07-17,East,PayPal,3.0,911.31,False
1552,2553,Keyboard,Home,152.15,6,24.7,2022-11-27,West,Credit Card,3.0,158.32,False
1553,2554,Laptop,Electronics,197.56,3,32.1,2024-01-09,East,credit card,3.0,91.12,False
1554,2555,Monitor,Books,18.11,3,26.0,2022-06-05,East,Credit Card,5.0,259.01,False
1555,2556,Monitor,Books,69.12,7,17.7,2022-10-10,South,Cash,4.0,349.03,False
1556,2557,Monitor,Books,34.78,5,3.0,2023-02-16,East,Cash,1.0,275.58,False
1557,2558,Headphones,Clothing,100.84,8,29.3,2024-02-28,East,PayPal,5.0,353.71,False
1558,2559,Tablet,Home,140.58,14,6.0,2023-12-24,North,credit card,4.0,734.44,False
1559,2560,Laptop,Food,61.85,8,8.8,2022-02-26,South,PayPal,4.0,193.01,False
1560,2561,Laptop,Clothing,61.48,1,19.1,2024-10-15,West,Credit Card,4.0,21.5,False
1561,2562,Camera,Food,414.15,9,20.8,2024-11-25,South,Credit Card,3.0,77.81,False
1562,2563,Other,Electronics,64.1,17,0.5,2022-12-02,South,PAYPAL,5.0,,False
1563,2564,Tablet,Food,39.36,6,18.6,2023-07-22,South,PAYPAL,3.0,55.6,False
1564,2565,Monitor,Sports,161.76,9,19.4,2023-01-12,South,PAYPAL,3.0,316.51,True
1565,2566,Camera,Books,33.87,1,22.7,2023-11-01,North,PayPal,3.0,814.16,True
1566,2567,Laptop,Home,64.03,12,2.3,2022-10-13,North,Credit Card,2.0,161.43,False
1567,2568,Tablet,Books,10.43,1,36.3,2023-05-12,South,credit card,2.0,407.58,False
1568,2569,Tablet,Books,15.54,15,17.8,2023-07-10,South,Cash,3.0,921.1,True
1569,2570,Camera,Electronics,388.62,17,3.1,2023-11-06,North,Credit Card,4.0,432.68,False
1570,2571,Phone,Clothing,50.21,3,16.2,2023-06-11,West,credit card,3.0,327.52,True
1571,2572,Laptop,Electronics,141.82,12,17.1,2024-07-11,East,PayPal,2.0,248.26,False
1572,2573,Monitor,Food,108.16,6,5.4,2024-05-13,West,PayPal,2.0,108.29,True
1573,2574,Monitor,Clothing,13.25,9,9.9,2024-08-23,East,Credit Card,1.0,295.42,False
1574,2575,Tablet,Books,10.9,4,2.7,2022-04-05,West,PAYPAL,3.0,31.23,False
1575,2576,Laptop,Electronics,85.21,12,18.1,2023-11-13,West,PayPal,2.0,176.14,False
1576,2577,Tablet,Electronics,29.72,15,32.6,2023-08-28,West,PayPal,5.0,135.42,False
1577,2578,Laptop,Sports,8.87,13,20.7,2024-01-04,East,PAYPAL,3.0,236.03,False
1578,2579,Phone,Clothing,16.4,13,28.8,2023-10-12,East,PayPal,1.0,16.89,False
1579,2580,Monitor,Clothing,340.68,18,23.1,2023-10-25,East,Credit Card,2.0,192.18,False
1580,2581,Phone,Home,52.29,7,9.0,2024-08-08,North,Cash,1.0,438.47,False
1581,2582,Tablet,Books,98.77,13,34.0,2022-11-28,North,PayPal,5.0,598.94,False
1582,2583,Headphones,Clothing,54.92,4,33.4,2024-05-29,West,credit card,5.0,59.84,True
1583,2584,Keyboard,Books,23.7,1,1.6,2024-11-12,South,PayPal,3.0,522.09,False
1584,2585,Phone,Sports,72.9,19,39.4,2022-06-01,North,Cash,1.0,285.57,True
1585,2586,Camera,Food,51.37,11,,2024-05-26,West,Credit Card,5.0,87.9,False
1586,2587,Keyboard,Food,95.64,5,18.2,2024-07-18,North,PAYPAL,1.0,389.42,False
1587,2588,Monitor,Books,27.58,4,18.3,2023-08-03,West,Cash,4.0,516.47,False
1588,2589,Laptop,Books,217.73,14,15.1,2024-02-03,East,Credit Card,5.0,137.12,False
1589,2590,Keyboard,Sports,98.03,17,39.7,2023-12-08,East,PayPal,3.0,77.59,False
1590,2591,Keyboard,Books,18.55,17,13.8,2023-05-13,South,PAYPAL,2.0,5.85,False
1591,2592,Keyboard,Food,4.15,14,1.3,2022-10-18,West,PayPal,1.0,251.23,False
1592,2593,Monitor,Food,105.24,19,17.5,2023-05-31,West,Credit Card,4.0,398.0,True
1593,2594,Laptop,Books,51.77,3,21.0,2023-06-06,West,PAYPAL,5.0,299.4,False
1594,2595,Phone,Sports,26.28,14,29.1,2022-10-02,South,PayPal,5.0,698.29,False
1595,2596,Monitor,Electronics,47.41,5,29.2,2023-03-30,East,credit card,2.0,30.73,False
1596,2597,Headphones,Sports,310.06,13,16.4,2023-06-30,West,Cash,3.0,150.49,False
1597,2598,Monitor,Food,131.9,18,10.2,2022-04-05,South,PayPal,3.0,351.86,False
1598,2599,,Sports,118.09,2,35.8,2023-10-28,West,PAYPAL,2.0,113.86,False
1599,2600,Camera,Electronics,29.31,18,18.4,2023-03-09,South,Credit Card,1.0,328.03,False
1600,2601,Keyboard,Home,382.38,19,13.2,2022-05-23,South,PayPal,4.0,40.88,False
1601,2602,Keyboard,Food,95.36,11,20.2,2024-11-12,South,PAYPAL,5.0,341.39,False
1602,2603,Monitor,Food,158.4,17,14.3,2024-10-30,East,Credit Card,5.0,91.42,False
1603,2604,Laptop,Clothing,11.96,4,7.2,2024-01-19,West,PAYPAL,2.0,10.8,False
1604,2605,Monitor,Food,24.89,9,22.1,2022-12-05,East,Cash,3.0,11.34,False
1605,2606,Tablet,Clothing,66.83,13,8.6,2023-10-28,South,Credit Card,4.0,52.14,True
1606,2607,Keyboard,Clothing,47.38,16,6.7,2024-07-25,South,PayPal,5.0,472.32,True
1607,2608,Keyboard,Books,24.81,9,21.5,2022-05-06,North,PayPal,4.0,127.52,False
1608,2609,Keyboard,Clothing,22.58,14,8.8,2024-11-09,South,Credit Card,1.0,149.83,False
1609,2610,Keyboard,Books,703.83,2,24.8,2023-03-05,South,Credit Card,2.0,17.89,False
1610,2611,Tablet,Clothing,86.3,18,8.0,2024-11-18,South,credit card,3.0,154.53,False
1611,2612,Headphones,Home,51.0,1,30.7,2022-11-09,East,credit card,1.0,940.81,False
1612,2613,Monitor,Books,70.42,19,34.7,2023-05-13,West,PayPal,5.0,188.91,False
1613,2614,Phone,Sports,32.19,9,27.4,2023-07-29,West,Cash,4.0,449.0,False
1614,2615,Headphones,Books,9.12,3,23.2,2024-05-11,North,PAYPAL,4.0,875.76,False
1615,2616,Monitor,Electronics,455.82,17,29.5,2023-01-27,,credit card,2.0,33.71,False
1616,2617,Monitor,Books,76.27,18,34.1,2024-07-18,East,PayPal,4.0,77.36,False
1617,2618,Tablet,Home,40.83,17,25.4,2022-09-07,North,PAYPAL,1.0,36.47,False
1618,2619,Laptop,Sports,18.82,16,8.5,2024-02-06,North,Credit Card,1.0,904.78,False
1619,2620,Tablet,Electronics,29.74,11,21.0,2022-09-05,North,PAYPAL,3.0,347.02,False
1620,2621,Keyboard,Electronics,58.46,14,35.7,2023-03-13,East,Credit Card,5.0,151.24,False
1621,2622,Phone,Electronics,406.09,8,28.0,2024-04-11,North,Credit Card,1.0,1166.11,False
1622,2623,Tablet,Clothing,53.51,6,18.9,2022-03-13,West,Cash,3.0,178.81,False
1623,2624,Laptop,Sports,,13,29.9,2024-02-03,South,credit card,1.0,281.78,False
1624,2625,Camera,Clothing,64.56,14,5.7,2024-01-21,South,credit card,4.0,691.89,False
1625,2626,Laptop,Home,15.05,14,4.8,2023-01-20,North,Cash,2.0,256.31,False
1626,2627,Laptop,Sports,9.51,13,9.8,2024-09-05,South,PAYPAL,1.0,54.69,False
1627,2628,Laptop,Home,26.05,19,25.2,2023-08-06,South,PAYPAL,3.0,655.59,False
1628,2629,Camera,Sports,72.02,18,18.0,2022-02-18,North,credit card,2.0,772.35,False
1629,2630,Phone,Home,162.53,15,18.8,2024-04-24,West,credit card,2.0,101.23,False
1630,2631,Monitor,Food,9.87,11,19.8,2023-03-23,West,Credit Card,5.0,73.13,False
1631,2632,Tablet,Electronics,24.12,6,6.3,2022-05-29,South,Credit Card,4.0,452.28,True
1632,2633,Headphones,Home,59.75,4,36.2,2024-03-08,North,Cash,2.0,371.01,False
1633,2634,Other,Clothing,27.63,7,37.6,2022-01-23,East,Cash,2.0,298.2,False
1634,2635,Camera,Food,457.28,19,30.5,2024-02-11,East,PAYPAL,1.0,1192.13,False
1635,2636,Headphones,Food,101.95,19,7.2,2024-08-22,West,PayPal,4.0,69.75,False
1636,2637,Monitor,Books,44.71,12,13.0,2024-03-28,South,Cash,1.0,265.62,False
1637,2638,Laptop,Books,55.97,4,21.1,2022-09-23,South,PayPal,3.0,1232.76,False
1638,2639,Keyboard,Books,90.26,12,19.3,2024-09-30,East,Credit Card,2.0,139.96,False
1639,2640,Monitor,Home,133.98,14,,2024-01-08,South,PAYPAL,4.0,130.91,False
1640,2641,Camera,Home,5.45,18,6.2,2024-11-27,East,PayPal,5.0,532.98,False
1641,2642,Laptop,Electronics,49.82,17,21.9,2023-07-12,South,Credit Card,3.0,461.97,False
1642,2643,Laptop,Home,12.34,15,17.6,2024-03-23,South,Cash,3.0,25.43,False
1643,2644,Camera,Food,42.58,17,24.9,2022-01-05,West,credit card,3.0,11.48,False
1644,2645,Keyboard,Food,11.06,15,7.5,2023-01-16,North,Cash,,167.85,False
1645,2646,Keyboard,Food,31.36,4,3.5,2024-02-08,East,PAYPAL,1.0,1163.36,False
1646,2647,Tablet,Books,43.04,15,38.0,2023-06-15,West,PayPal,2.0,74.12,False
1647,2648,Laptop,Sports,26.93,3,25.2,2024-06-03,East,PayPal,,323.6,True
1648,2649,Tablet,Home,3.71,14,32.4,2023-01-09,South,credit card,1.0,372.1,False
1649,2650,Laptop,Home,47.0,3,19.5,2022-05-25,East,Cash,3.0,307.28,False
1650,2651,Phone,Electronics,60.28,11,29.4,2023-05-03,North,Credit Card,4.0,155.54,False
1651,2652,Camera,Sports,67.06,10,16.2,2023-06-26,South,credit card,4.0,39.6,True
1652,2653,Headphones,Clothing,74.89,4,25.9,2022-07-29,South,credit card,3.0,258.9,False
1653,2654,Monitor,Sports,122.47,11,29.1,2022-04-12,East,Credit Card,1.0,27.21,True
1654,2655,Phone,Home,35.09,10,10.0,2022-12-06,North,Cash,4.0,705.74,False
1655,2656,Phone,Clothing,66.37,13,30.7,2024-01-10,South,Credit Card,5.0,157.88,False
1656,2657,Monitor,Home,16.61,19,20.0,2023-03-31,South,Cash,4.0,289.7,True
1657,2658,Tablet,Sports,43.51,4,3.6,2024-11-03,East,Credit Card,3.0,115.56,False
1658,2659,Keyboard,Books,69.88,13,20.3,2024-12-08,East,credit card,4.0,247.69,False
1659,2660,Keyboard,Books,81.06,6,,2023-12-16,South,credit card,5.0,44.88,False
1660,2661,Laptop,Sports,19.69,9,7.8,2023-04-29,East,PayPal,4.0,54.83,False
1661,2662,Keyboard,Books,25.44,11,5.5,2024-11-30,East,credit card,1.0,847.64,False
1662,2663,Monitor,Clothing,44.05,15,30.6,2023-05-03,East,PayPal,2.0,142.01,False
1663,2664,Keyboard,Clothing,33.49,12,23.8,2022-12-14,West,PayPal,3.0,,True
1664,2665,Phone,Books,177.97,1,2.8,2023-10-29,West,PayPal,5.0,211.95,False
1665,2666,Monitor,Electronics,20.2,18,24.3,2024-04-22,West,Cash,3.0,478.82,False
1666,2667,Laptop,Electronics,47.06,7,29.3,2024-08-08,East,Cash,3.0,110.13,False
1667,2668,Headphones,Sports,128.8,4,36.2,2024-03-14,South,credit card,4.0,114.07,True
1668,2669,Monitor,Sports,74.33,1,,2024-02-14,South,Cash,3.0,69.33,False
1669,2670,Laptop,Books,92.36,12,29.6,2023-10-27,North,Credit Card,4.0,458.05,False
1670,2671,Tablet,Home,185.54,18,2.8,2024-10-29,West,credit card,5.0,667.5,True
1671,2672,Tablet,Sports,16.64,8,32.7,2023-10-04,North,credit card,3.0,316.45,False
1672,2673,Tablet,Electronics,109.97,18,15.1,2023-11-18,South,Credit Card,2.0,205.57,False
1673,2674,Phone,Electronics,128.42,10,19.2,2023-12-22,,credit card,3.0,241.9,False
1674,2675,Other,Electronics,77.8,1,18.4,2022-04-17,South,PAYPAL,5.0,49.6,False
1675,2676,Phone,Books,33.02,14,1.5,2024-03-31,West,Credit Card,4.0,17.88,False
1676,2677,Camera,Clothing,163.34,5,34.4,2023-06-22,South,Cash,2.0,4.55,False
1677,2678,Monitor,Electronics,104.51,8,19.0,2022-07-05,East,PAYPAL,3.0,211.37,False
1678,2679,Phone,Electronics,54.87,13,13.0,2024-02-25,East,credit card,4.0,233.54,False
1679,2680,Laptop,Books,12.49,17,4.3,2022-03-01,South,Credit Card,1.0,363.62,False
1680,2681,Camera,Clothing,20.3,7,,2022-04-07,East,PAYPAL,2.0,,False
1681,2682,Keyboard,Food,65.2,14,10.7,2024-05-07,East,credit card,4.0,18.99,False
1682,2683,Laptop,Sports,40086.33287386305,19,16.8,2024-08-11,South,PayPal,5.0,143.11,False
1683,2684,Phone,Food,253.5,17,33.0,2023-07-24,North,Cash,4.0,1541.47,False
1684,2685,Phone,Sports,102.12,19,26.4,2024-08-30,South,PayPal,2.0,376.08,False
1685,2686,Camera,Electronics,49.75,9,36.8,2024-05-01,North,PAYPAL,2.0,814.03,False
1686,2687,Headphones,Books,6.18,9,23.8,2022-02-10,North,Credit Card,1.0,744.1,False
1687,2688,Laptop,Home,37.28,3,8.3,2022-12-13,West,Cash,4.0,231.25,False
1688,2689,Laptop,Electronics,117.61,13,23.8,2023-05-02,South,PayPal,5.0,71.37,False
1689,2690,Phone,Clothing,31.1,13,8.0,2022-04-16,East,Credit Card,5.0,583.62,True
1690,2691,Headphones,Clothing,24.51,1,10.2,2023-05-09,West,Cash,2.0,33.2,False
1691,2692,Laptop,Sports,21767.10252613519,10,30.0,2022-09-06,North,Credit Card,2.0,209.89,False
1692,2693,Laptop,Sports,9.39,9,15.5,2023-10-07,South,Credit Card,4.0,94.72,False
1693,2694,Monitor,Books,20.57,5,2.7,2023-12-16,West,Cash,5.0,99.33,False
1694,2695,Keyboard,Books,31.57,1,29.2,2024-05-15,North,Credit Card,5.0,171.09,False
1695,2696,Monitor,Books,65.95,8,22.1,2024-03-12,South,Cash,1.0,207.09,False
1696,2697,Laptop,Sports,194.31,11,29.0,2023-12-20,North,PayPal,1.0,211.54,False
1697,2698,Phone,Clothing,82.23,17,18.1,2023-12-27,North,Cash,2.0,516.76,False
1698,2699,Headphones,Clothing,135.1,18,15.0,2024-09-12,South,credit card,5.0,52.54,False
1699,2700,Phone,Food,288.74,9,27.9,2023-08-22,East,Credit Card,2.0,118.33,False
1700,2701,Laptop,Sports,10.29,10,21.8,2023-10-30,South,Credit Card,2.0,31.37,False
1701,2702,Monitor,Clothing,57.38,18,26.6,2022-11-29,North,Cash,2.0,248.01,False
1702,2703,Keyboard,Home,15.02,1,33.6,2022-08-07,West,PAYPAL,3.0,314.7,False
1703,2704,Tablet,Electronics,131.58,19,13.6,2022-03-23,West,PAYPAL,5.0,364.22,False
1704,2705,Phone,Books,103.72,11,36.9,2022-04-06,North,PayPal,1.0,116.96,True
1705,2706,Monitor,Clothing,152.3,11,4.2,2023-02-17,South,PayPal,5.0,49.16,False
1706,2707,Monitor,Electronics,37.96,1,17.4,2024-05-17,South,PAYPAL,1.0,279.76,False
1707,2708,Monitor,Home,74.76,1,37.9,2022-08-07,East,Credit Card,3.0,55.48,False
1708,2709,Laptop,Sports,245.73,3,9.2,2023-08-28,East,PayPal,5.0,12.29,False
1709,2710,Keyboard,Sports,31.7,6,18.9,2022-04-27,West,Credit Card,3.0,20.6,False
1710,2711,Headphones,Home,33.63,11,0.9,2022-10-11,West,Cash,2.0,97.22,False
1711,2712,Laptop,Sports,13.4,1,24.3,2024-06-17,East,Cash,5.0,601.49,False
1712,2713,Keyboard,Sports,202.54,3,35.2,2023-09-04,West,Cash,,86.98,False
1713,2714,Camera,Clothing,117.8,8,8.0,2022-11-14,North,PAYPAL,4.0,14.72,False
1714,2715,Camera,Sports,56.37,19,34.9,2024-03-05,West,Credit Card,1.0,229.13,False
1715,2716,Tablet,Books,40.65,7,6.5,2024-04-14,West,credit card,4.0,407.96,False
1716,2717,Headphones,Home,13.98,4,36.1,2023-01-21,East,Credit Card,2.0,1274.59,True
1717,2718,Camera,Food,239.43,13,19.1,2023-01-30,South,PAYPAL,2.0,1014.49,False
1718,2719,Tablet,Sports,45.46,19,1.7,2022-10-06,West,credit card,4.0,107.35,False
1719,2720,Other,Electronics,50.11,19,11.4,2024-04-04,South,credit card,5.0,45.63,False
1720,2721,Camera,Books,38.9,14,21.2,2023-02-17,East,Cash,4.0,,False
1721,2722,Phone,Electronics,53.59,8,30.2,2023-02-06,North,PayPal,5.0,8.1,True
1722,2723,Monitor,Food,244.57,19,18.6,2023-03-24,South,Credit Card,2.0,184.22,False
1723,2724,Monitor,Books,192.21,11,36.8,2022-03-01,South,Credit Card,2.0,1159.09,False
1724,2725,Phone,Home,12.42,15,35.8,2022-04-19,West,Credit Card,3.0,314.2,False
1725,2726,Other,Home,23.5,9,34.7,2024-10-27,South,Cash,2.0,935.62,False
1726,2727,Laptop,Electronics,124.77,12,32.4,2023-10-02,West,Cash,1.0,58.45,False
1727,2728,Phone,Home,56.04,8,8.4,2024-02-05,West,Credit Card,1.0,452.93,False
1728,2729,Other,Food,23.17,7,15.0,2023-09-01,West,Credit Card,1.0,97.81,False
1729,2730,Laptop,Sports,190.5,1,25.7,2022-04-01,East,Cash,3.0,415.8,False
1730,2731,Phone,Clothing,32.99,14,32.4,2023-07-11,South,Credit Card,1.0,527.36,False
1731,2732,Camera,Sports,48.69,15,1.3,2022-06-28,North,PAYPAL,2.0,143.85,False
1732,2733,Other,Electronics,43.69,11,15.6,2024-11-11,South,Cash,4.0,68.8,False
1733,2734,Phone,Clothing,83.74,7,8.0,2022-10-13,South,Cash,1.0,352.51,False
1734,2735,Laptop,Sports,105.37,16,8.7,2024-09-03,East,Credit Card,1.0,514.94,False
1735,2736,Laptop,Food,119.17,5,3.7,2024-05-05,East,Cash,3.0,135.24,True
1736,2737,Keyboard,Home,10.76,3,10.3,2023-08-22,West,Cash,3.0,1129.89,True
1737,2738,Headphones,Clothing,131.43,1,2.3,2022-10-29,West,PayPal,3.0,51.16,False
1738,2739,Keyboard,Books,45.75,18,2.9,2022-12-19,South,credit card,3.0,1226.4,False
1739,2740,Other,Food,138.87,3,28.3,2024-11-13,South,Credit Card,1.0,124.11,False
1740,2741,Phone,Home,41.22,8,17.5,2024-12-30,West,Credit Card,2.0,763.01,True
1741,2742,Camera,Sports,23.65,15,9.3,2024-11-09,South,PAYPAL,4.0,204.59,False
1742,2743,Tablet,Sports,15.97,13,36.4,2024-07-17,South,PayPal,5.0,88.49,False
1743,2744,Laptop,Books,79.71,13,37.7,2022-07-13,West,PAYPAL,4.0,764.46,True
1744,2745,Phone,Clothing,26.99,18,7.8,2022-06-09,North,PayPal,5.0,246.33,False
1745,2746,Tablet,Electronics,36.92,19,17.6,2024-09-28,South,Cash,4.0,194.68,False
1746,2747,Phone,Food,37.06,4,17.3,2023-06-26,East,credit card,5.0,93.26,False
1747,2748,Keyboard,Sports,39.92,8,24.7,2022-01-15,South,credit card,3.0,7.69,True
1748,2749,Phone,Home,240.8,5,35.1,2024-03-14,South,Credit Card,5.0,58.22,False
1749,2750,Phone,Home,147.71,7,3.5,2022-02-03,South,Cash,1.0,838.16,False
1750,2751,Monitor,Electronics,25.76,17,7.4,2022-05-30,North,PayPal,3.0,87.69,False
1751,2752,Headphones,Home,51.05,12,33.1,2024-12-02,West,PayPal,5.0,180.37,False
1752,2753,Tablet,Clothing,24.97,9,14.8,2023-09-15,West,Credit Card,4.0,42.03,False
1753,2754,Laptop,Books,45.35,11,14.5,2023-10-26,South,credit card,3.0,140.95,False
1754,2755,Keyboard,Books,321.86,5,23.4,2022-04-08,North,Credit Card,4.0,139.35,False
1755,2756,Laptop,Clothing,41.84,4,1.5,2023-06-08,East,Credit Card,5.0,349.33,False
1756,2757,Monitor,Books,133.28,15,15.1,2022-04-12,West,Cash,3.0,243.33,False
1757,2758,Laptop,Home,20.07,17,2.3,2023-04-19,West,Credit Card,4.0,345.07,False
1758,2759,Keyboard,Clothing,15.68,18,19.1,2023-04-25,West,Credit Card,2.0,1443.04,False
1759,2760,Keyboard,Sports,30.2,16,38.9,2023-10-13,North,PayPal,1.0,146.51,False
1760,2761,Headphones,Books,47.01,3,11.1,2023-08-28,South,credit card,5.0,49.46,False
1761,2762,Laptop,Food,80.3,17,,2022-05-31,North,PayPal,3.0,704.9,False
1762,2763,Headphones,Home,20.83,4,12.5,2024-03-14,South,Cash,4.0,177.45,False
1763,2764,Monitor,Clothing,10.12,7,13.0,2023-11-10,West,PAYPAL,1.0,869.0,False
1764,2765,Keyboard,Home,14.5,18,13.1,2024-07-13,East,PAYPAL,5.0,48.83,False
1765,2766,Tablet,Electronics,59.97,16,11.3,2022-06-13,West,PayPal,5.0,60.76,False
1766,2767,Headphones,Sports,35.57,13,21.5,2023-08-12,West,PayPal,5.0,431.67,False
1767,2768,Phone,Books,7.61,18,15.6,2023-09-23,West,credit card,3.0,277.88,False
1768,2769,Phone,Sports,52.05,15,27.4,2024-09-08,South,PAYPAL,4.0,331.77,False
1769,2770,Headphones,Electronics,77.86,3,1.8,2022-08-27,West,Credit Card,3.0,540.38,False
1770,2771,Tablet,Clothing,8.64,7,4.4,2023-11-14,North,Credit Card,1.0,169.05,False
1771,2772,Camera,Books,33.35,4,16.0,2022-11-06,North,Credit Card,4.0,235.6,False
1772,2773,Monitor,Clothing,16.97,5,26.8,2022-08-23,East,Credit Card,4.0,320.47,False
1773,2774,Tablet,Clothing,36.04,19,29.9,2022-01-26,East,Credit Card,5.0,101.59,False
1774,2775,Tablet,Food,21.56,19,14.6,2024-03-23,West,Cash,5.0,287.18,False
1775,2776,Tablet,Electronics,100.89,17,1.9,2023-06-28,North,PayPal,5.0,,False
1776,2777,Phone,Electronics,67.12,3,22.9,2022-08-26,North,Cash,1.0,375.73,False
1777,2778,Phone,Food,38.9,18,11.2,2024-07-12,North,Credit Card,3.0,367.56,True
1778,2779,Camera,Food,335.29,5,6.3,2024-09-25,North,credit card,5.0,374.08,False
1779,2780,Tablet,Food,44.47,10,33.8,2024-06-11,East,PayPal,3.0,724.03,False
1780,2781,Monitor,Electronics,49.51,17,18.4,2024-09-05,West,Credit Card,5.0,184.37,False
1781,2782,Camera,Books,160.54,6,26.9,2024-01-09,West,PayPal,2.0,1190.76,False
1782,2783,Headphones,Food,80.77,1,1.6,2023-05-19,North,Credit Card,5.0,82.09,False
1783,2784,Camera,Clothing,15.38,18,6.6,2022-12-16,East,Cash,1.0,197.89,True
1784,2785,Monitor,Food,57.97,1,1.1,2023-11-21,West,Cash,3.0,7.96,True
1785,2786,Headphones,Books,35.34,2,28.9,2023-02-26,East,Credit Card,2.0,274.9,False
1786,2787,Laptop,Clothing,59.12,7,33.2,2022-03-06,South,PAYPAL,2.0,170.79,False
1787,2788,Monitor,Electronics,15.46,5,28.2,2023-03-29,South,PayPal,4.0,845.75,False
1788,2789,Tablet,Sports,121.3,12,21.5,2023-06-18,South,PayPal,3.0,257.44,False
1789,2790,Keyboard,Clothing,252.87,16,8.2,2024-02-06,North,PayPal,2.0,332.9,False
1790,2791,Phone,Home,24.91,14,15.0,2022-04-12,South,PayPal,2.0,1068.24,False
1791,2792,Tablet,Clothing,119.62,7,3.8,2023-09-01,West,credit card,1.0,210.76,False
1792,2793,Keyboard,Books,113.07,11,32.4,2022-12-02,East,credit card,1.0,39.96,False
1793,2794,Keyboard,Food,33.71,5,0.6,2023-07-18,North,Cash,2.0,50.14,False
1794,2795,Phone,Electronics,12.99,19,33.0,2024-04-05,North,credit card,1.0,96.27,False
1795,2796,Headphones,Books,21.12,19,6.9,2023-08-14,East,Credit Card,1.0,490.73,False
1796,2797,Camera,Books,53.41,2,5.4,2024-03-03,North,credit card,1.0,44.33,False
1797,2798,Laptop,Electronics,180.12,12,35.0,2023-09-08,East,Credit Card,3.0,572.33,False
1798,2799,Phone,Food,77.18,8,35.0,2022-11-16,South,PayPal,5.0,106.48,True
1799,2800,Keyboard,Books,201.71,2,33.3,2024-06-11,West,Credit Card,2.0,18.18,False
1800,2801,Laptop,Sports,47.2,2,15.3,2024-06-14,South,PayPal,5.0,263.09,False
1801,2802,Phone,Food,186.09,19,32.5,2024-11-16,West,credit card,3.0,376.19,False
1802,2803,Keyboard,Sports,14.03,17,39.6,2024-04-13,North,credit card,3.0,188.83,False
1803,2804,Monitor,Books,159.38,18,33.1,2023-09-05,North,Cash,2.0,76.91,False
1804,2805,Laptop,Food,55.46,18,30.3,2022-01-17,East,Credit Card,3.0,200.09,False
1805,2806,Tablet,Books,136.48,10,16.0,2023-02-04,South,Credit Card,1.0,963.96,False
1806,2807,Headphones,Food,62.54,10,7.9,2023-11-25,West,PayPal,5.0,22.57,False
1807,2808,Camera,Home,72.26,1,2.4,2022-06-07,East,Credit Card,2.0,147.22,False
1808,2809,Other,Home,38.64,19,19.2,2023-03-30,North,PayPal,3.0,51.35,False
1809,2810,Phone,Electronics,140.43,9,12.7,2024-01-20,North,PayPal,4.0,1055.53,False
1810,2811,Laptop,Food,309.18,19,34.0,2024-12-13,South,Cash,2.0,52.97,False
1811,2812,Phone,Food,68.82,1,17.5,2022-05-16,North,Credit Card,1.0,273.25,False
1812,2813,Keyboard,Sports,127.76,4,36.2,2023-06-21,North,Cash,2.0,79.0,False
1813,2814,Tablet,Food,42.86,6,26.8,2023-08-20,West,Cash,1.0,53.7,False
1814,2815,Keyboard,Home,30.58,18,32.6,2023-08-27,North,Credit Card,5.0,437.7,False
1815,2816,Camera,Clothing,10.45,14,8.0,2023-07-15,West,Cash,1.0,377.29,False
1816,2817,Keyboard,Sports,21.96,5,22.5,2022-07-30,North,PayPal,3.0,17.5,False
1817,2818,Laptop,Clothing,500.41,8,17.1,2022-10-31,West,Credit Card,2.0,171.86,False
1818,2819,Keyboard,Sports,17.81,10,22.4,2024-12-16,East,PayPal,1.0,227.06,True
1819,2820,Tablet,Electronics,114.3,9,14.7,2023-02-26,South,PayPal,1.0,73.4,True
1820,2821,Laptop,Books,119.11,11,,2024-04-05,West,credit card,3.0,40.93,False
1821,2822,Headphones,Clothing,314.01,15,24.4,2023-09-19,West,Credit Card,5.0,106.91,False
1822,2823,Camera,Food,311.03,7,12.2,2024-03-22,West,credit card,2.0,816.1,False
1823,2824,Phone,Electronics,217.78,10,29.5,2022-01-07,West,Cash,2.0,232.04,False
1824,2825,Monitor,Home,23.15,18,36.2,2023-04-04,West,PAYPAL,1.0,826.26,False
1825,2826,Tablet,Food,5.19,13,33.1,2023-04-09,East,PayPal,5.0,15.62,False
1826,2827,Monitor,Home,285.72,16,3.0,2022-09-21,East,Cash,1.0,83.02,False
1827,2828,Phone,Books,44.35,1,9.5,2024-10-07,North,Credit Card,2.0,708.31,False
1828,2829,Laptop,Home,122.26,2,8.6,2023-10-21,West,Cash,3.0,364.66,True
1829,2830,Keyboard,Home,18.5,16,16.1,2024-10-08,West,Cash,5.0,138.8,False
1830,2831,Laptop,Electronics,36.04,10,27.9,2023-01-24,East,Cash,2.0,431.38,False
1831,2832,Monitor,Clothing,87.21,19,36.7,2023-06-05,North,credit card,2.0,131.39,False
1832,2833,Tablet,Home,23.06,10,20.3,2023-03-12,North,PayPal,5.0,85.09,False
1833,2834,Camera,Sports,25.09,9,38.2,2022-05-06,South,PayPal,3.0,297.71,False
1834,2835,Tablet,Clothing,30.95,10,30.3,2022-04-07,South,credit card,2.0,19.04,False
1835,2836,Phone,Clothing,139.28,11,36.2,2022-07-16,South,Credit Card,3.0,1574.29,False
1836,2837,Keyboard,Food,37.1,7,18.8,2022-07-30,North,Cash,4.0,102.35,True
1837,2838,Laptop,Books,103.81,5,33.2,2022-06-05,West,Credit Card,1.0,108.46,False
1838,2839,Camera,Sports,155.66,4,38.7,2022-04-09,East,PayPal,2.0,81.29,False
1839,2840,Laptop,Clothing,,2,11.0,2023-06-08,West,PAYPAL,1.0,17.07,False
1840,2841,Camera,Food,164.07,18,26.7,2022-04-29,North,Credit Card,5.0,498.35,False
1841,2842,Monitor,Food,90.42,16,18.8,2022-12-03,North,PAYPAL,,202.2,False
1842,2843,Monitor,Sports,263.71,8,24.3,2022-04-08,East,Credit Card,4.0,94.7,False
1843,2844,Keyboard,Sports,44.95,9,38.3,2023-06-04,West,PAYPAL,5.0,516.31,False
1844,2845,Headphones,Home,32.18,14,7.1,2024-05-28,North,PAYPAL,1.0,258.17,False
1845,2846,Tablet,Sports,39.39,9,21.2,2024-10-19,West,credit card,4.0,647.27,False
1846,2847,,Food,112.94,17,24.4,2023-03-03,East,PayPal,4.0,291.74,False
1847,2848,Keyboard,Sports,23.28,18,36.8,2024-05-05,South,PayPal,1.0,340.12,False
1848,2849,Monitor,Food,59.03,7,19.2,2022-02-18,South,PayPal,2.0,153.97,False
1849,2850,Keyboard,Home,43.54,6,8.1,2023-08-24,East,PAYPAL,4.0,256.2,True
1850,2851,Tablet,Electronics,56.93,11,32.3,2022-04-29,East,PayPal,2.0,45.2,False
1851,2852,Monitor,Clothing,7.97,17,12.6,2022-11-03,East,credit card,3.0,1319.6,False
1852,2853,Camera,Books,65.56,3,15.1,2022-12-31,South,credit card,1.0,51.05,False
1853,2854,Tablet,Books,138.51,8,20.8,2024-07-01,East,Cash,3.0,340.34,False
1854,2855,Tablet,Electronics,30.62,9,18.9,2022-05-22,North,PayPal,2.0,79.56,False
1855,2856,Phone,Clothing,111.91,15,12.9,2023-01-03,East,PayPal,1.0,203.32,False
1856,2857,Keyboard,Clothing,97.51,12,12.5,2024-09-22,,Cash,2.0,243.31,False
1857,2858,Camera,Clothing,24.9,7,28.1,2022-07-29,East,Credit Card,3.0,320.99,False
1858,2859,Laptop,Food,13.12,2,28.2,2022-03-24,North,PayPal,2.0,724.09,False
1859,2860,Tablet,Electronics,3.82,9,21.6,2024-11-05,North,Cash,4.0,314.23,False
1860,2861,Headphones,Electronics,110.07,3,10.4,2024-10-21,South,credit card,2.0,1001.21,False
1861,2862,Monitor,Food,15.43,5,12.5,2022-06-18,South,PayPal,2.0,385.15,False
1862,2863,Camera,Food,67.64,5,38.7,2022-03-30,North,credit card,3.0,2.2,False
1863,2864,Tablet,Electronics,102.83,11,22.5,2024-02-20,North,credit card,2.0,115.58,False
1864,2865,Headphones,Sports,28.22,13,17.9,2022-05-28,East,PayPal,1.0,1051.34,False
1865,2866,Keyboard,Electronics,28.32,18,7.1,2023-10-03,West,Credit Card,1.0,161.23,False
1866,2867,Monitor,Home,20.95,16,23.0,2023-08-28,South,credit card,5.0,47.49,False
1867,2868,Laptop,Electronics,92.8,3,4.1,2024-07-15,South,Credit Card,1.0,154.0,False
1868,2869,Keyboard,Electronics,82.3,14,11.3,2024-03-12,North,Cash,4.0,417.38,False
1869,2870,Phone,Home,74.21,7,7.0,2022-08-25,South,PAYPAL,4.0,110.61,False
1870,2871,Headphones,Electronics,57.34,5,4.4,2024-02-05,South,Cash,2.0,407.86,False
1871,2872,Laptop,Books,25.35,15,6.9,2022-06-14,East,Cash,1.0,295.63,True
1872,2873,Monitor,Sports,50.69,8,15.1,2024-11-21,North,PAYPAL,5.0,149.22,False
1873,2874,Monitor,Books,66.6,5,39.3,2022-02-03,North,PayPal,2.0,125.4,False
1874,2875,Keyboard,Sports,,12,23.6,2022-10-31,South,credit card,1.0,583.45,False
1875,2876,Laptop,Electronics,40.49,3,26.5,2022-01-21,South,PAYPAL,4.0,30.05,False
1876,2877,Keyboard,Books,8.14,17,15.3,2023-10-18,North,Credit Card,4.0,170.94,False
1877,2878,Laptop,Sports,144.12,2,16.5,2022-08-13,South,Credit Card,5.0,240.01,False
1878,2879,Phone,Books,143.16,17,4.9,2023-03-19,East,credit card,2.0,1236.59,False
1879,2880,Monitor,Home,16.15,2,4.2,2023-02-04,East,Cash,5.0,59.75,False
1880,2881,Camera,Clothing,162.75,3,10.8,2022-02-13,West,credit card,4.0,303.03,False
1881,2882,Headphones,Sports,78.38,13,6.1,2022-04-07,West,PayPal,1.0,267.58,False
1882,2883,Keyboard,Books,130.18,17,24.0,2024-08-31,East,PayPal,4.0,360.12,False
1883,2884,Headphones,Home,239.36,10,14.0,2024-03-22,South,Credit Card,4.0,112.03,False
1884,2885,Laptop,Sports,323.22,13,25.8,2022-02-07,North,Cash,3.0,139.09,False
1885,2886,Phone,Sports,6.47,1000,0.5,2023-04-02,East,Cash,2.0,109.03,False
1886,2887,Headphones,Food,222.27,9,0.3,2023-01-31,South,PAYPAL,3.0,242.93,False
1887,2888,Keyboard,Clothing,15.11,9,9.4,2022-12-12,North,Credit Card,2.0,351.98,False
1888,2889,Tablet,Home,146.93,7,9.5,2024-06-18,South,credit card,1.0,514.08,True
1889,2890,Keyboard,Food,17.08,14,39.7,2024-08-27,North,PayPal,,206.95,False
1890,2891,Laptop,Electronics,9.99,11,37.4,2022-07-16,East,Credit Card,2.0,1635.91,False
1891,2892,Phone,Books,39.55,7,23.7,2023-07-05,,PayPal,4.0,567.18,False
1892,2893,Headphones,Books,16.72,6,28.3,2023-04-20,East,Cash,2.0,120.04,False
1893,2894,Tablet,Home,6.47,9,16.5,2024-10-25,North,PAYPAL,4.0,173.39,False
1894,2895,Monitor,Food,15.27,6,1.7,2022-03-12,North,Credit Card,4.0,67.37,True
1895,2896,Keyboard,Home,127.2,7,4.7,2022-03-30,West,Cash,4.0,115.21,False
1896,2897,Headphones,Electronics,88.98,17,28.3,2023-07-23,South,Credit Card,4.0,246.97,False
1897,2898,Laptop,Food,31.75,11,10.5,2024-05-17,North,Credit Card,2.0,349.44,False
1898,2899,Keyboard,Clothing,262.26,18,30.5,2022-12-07,East,PayPal,1.0,130.11,False
1899,2900,Camera,Books,118.19,4,5.3,2022-09-14,East,credit card,1.0,47.23,False
1900,2901,Laptop,Home,71.77,18,27.5,2023-01-16,West,PayPal,1.0,421.13,False
1901,2902,Laptop,Food,70.77,9,7.7,2024-12-25,North,credit card,4.0,101.62,False
1902,2903,Other,Electronics,37.67,19,20.4,2023-01-03,North,Cash,1.0,181.83,False
1903,2904,Tablet,Clothing,42.11,8,5.7,2023-10-23,South,PayPal,3.0,223.18,False
1904,2905,Monitor,Sports,418.8,8,6.3,2023-09-19,East,Credit Card,3.0,111.94,False
1905,2906,Tablet,Clothing,7.57,8,5.5,2024-10-31,South,Credit Card,4.0,44.57,False
1906,2907,Camera,Food,83.95,8,12.9,2023-12-25,West,Credit Card,4.0,385.95,False
1907,2908,Monitor,Food,58.24,2,20.6,2024-10-15,North,credit card,1.0,367.31,False
1908,2909,Tablet,Books,155.4,3,33.0,2024-02-19,East,PayPal,1.0,2.11,False
1909,2910,Headphones,Clothing,23.93,1,19.9,2023-09-20,South,Credit Card,5.0,85.72,False
1910,2911,Tablet,Home,71.41,7,,2022-10-14,West,PayPal,1.0,29.67,False
1911,2912,Other,Books,33.74,12,32.5,2023-07-23,South,PayPal,4.0,50.76,False
1912,2913,Tablet,Home,23.91,15,0.1,2024-02-16,West,PayPal,3.0,781.15,False
1913,2914,Keyboard,Books,75.6,8,33.4,2024-08-13,South,PayPal,2.0,121.77,False
1914,2915,Tablet,Clothing,27.98,9,8.3,2023-03-25,East,credit card,2.0,56.19,False
1915,2916,Monitor,Food,227.03,4,18.0,2022-05-06,North,credit card,2.0,338.41,True
1916,2917,Monitor,Food,30.47,19,30.6,2023-11-05,North,Cash,2.0,33.49,False
1917,2918,Tablet,Sports,37.01,1,3.5,2024-01-31,West,PayPal,5.0,2.33,False
1918,2919,Tablet,Sports,43.34,1,32.3,2024-10-15,East,Credit Card,1.0,133.73,False
1919,2920,Keyboard,Books,19.4,5,20.7,2024-03-09,West,Credit Card,1.0,123.49,False
1920,2921,Camera,Sports,35699.16865851089,19,13.9,2023-11-17,North,Cash,3.0,746.92,False
1921,2922,Tablet,Books,28.02,10,16.8,2022-10-07,West,Cash,1.0,25.29,False
1922,2923,Phone,Home,58.66,10,8.2,2023-08-14,South,Credit Card,3.0,210.49,False
1923,2924,Laptop,Books,52.79,1,36.4,2023-12-04,South,PayPal,2.0,58.51,False
1924,2925,Other,Electronics,141.95,19,37.8,2023-01-05,South,Credit Card,4.0,17.8,False
1925,2926,Phone,Clothing,58.16,12,32.9,2022-01-01,South,Credit Card,4.0,113.06,False
1926,2927,Tablet,Food,156.3,11,12.0,2024-01-31,South,credit card,5.0,220.27,False
1927,2928,Tablet,Electronics,52.98,12,38.4,2024-10-04,East,Cash,2.0,201.91,False
1928,2929,Tablet,Books,83.59,18,32.7,2024-08-13,North,credit card,3.0,115.23,False
1929,2930,Headphones,Food,35.63,10,18.2,2024-03-19,North,PAYPAL,2.0,408.72,False
1930,2931,Phone,Books,14.02,13,13.2,2022-12-22,South,PayPal,5.0,694.68,True
1931,2932,Tablet,Home,57.85,8,6.7,2024-05-28,North,Cash,3.0,1.59,False
1932,2933,Camera,Electronics,61.42,13,26.6,2023-08-18,West,PayPal,2.0,389.67,False
1933,2934,Phone,Clothing,12.28,3,4.7,2024-09-30,South,PayPal,3.0,112.92,False
1934,2935,Headphones,Food,201.77,4,21.8,2023-03-29,North,PayPal,5.0,133.66,False
1935,2936,Tablet,Books,312.95,13,1.6,2022-07-24,West,PayPal,3.0,81.37,False
1936,2937,Laptop,Home,11.79,19,32.9,2024-12-09,South,Credit Card,2.0,594.73,False
1937,2938,Tablet,Home,42.3,4,35.8,2023-07-03,South,Cash,3.0,168.39,False
1938,2939,Camera,Clothing,17.04,5,4.9,2024-07-01,East,PAYPAL,1.0,11.37,False
1939,2940,Phone,Electronics,24.55,2,0.7,2023-04-17,North,PayPal,5.0,325.68,False
1940,2941,Monitor,Sports,104.77,6,12.9,2023-12-25,East,Cash,3.0,261.4,False
1941,2942,Camera,Food,419.13,16,29.4,2023-05-13,West,PayPal,5.0,32.53,True
1942,2943,Phone,Books,197.09,3,14.6,2022-08-23,West,Credit Card,3.0,119.91,False
1943,2944,Camera,Food,8.06,5,3.1,2022-09-20,West,credit card,3.0,397.92,False
1944,2945,Camera,Clothing,84.11,5,29.6,2023-07-30,East,PayPal,2.0,236.2,False
1945,2946,Keyboard,Food,9.85,12,32.5,2023-09-28,South,Credit Card,1.0,30.32,False
1946,2947,Monitor,Electronics,296.49,8,26.2,2023-03-29,West,Cash,4.0,554.28,False
1947,2948,Phone,Clothing,41.38,15,4.0,2022-05-10,East,Credit Card,4.0,261.16,True
1948,2949,Tablet,Sports,29.21,12,3.4,2023-03-14,North,PAYPAL,5.0,3.26,False
1949,2950,Monitor,Books,63.81,9,33.3,2024-10-17,,credit card,3.0,48.16,False
1950,2951,Monitor,Sports,109.03,13,16.6,2022-08-03,East,PayPal,1.0,76.89,False
1951,2952,Headphones,Clothing,89.76,11,34.8,2023-06-01,South,Cash,1.0,2029.69,False
1952,2953,Tablet,Sports,76.82,19,28.8,2022-05-05,,PayPal,1.0,479.0,False
1953,2954,Headphones,Clothing,195.73,12,12.9,2023-08-25,South,Credit Card,5.0,245.94,False
1954,2955,Tablet,Home,67.81,19,38.3,2024-01-06,East,Cash,4.0,9.14,False
1955,2956,Camera,Electronics,155.18,13,12.5,2023-05-14,South,PayPal,1.0,224.16,False
1956,2957,Tablet,Clothing,37.75,5,33.1,2023-12-16,South,Credit Card,4.0,51.54,True
1957,2958,Monitor,Sports,39.87,8,1.3,2022-09-11,South,Credit Card,4.0,1173.4,False
1958,2959,Headphones,Books,97.12,18,23.8,2022-10-22,North,credit card,1.0,,False
1959,2960,Camera,Sports,12.13,15,28.4,2022-11-16,East,Credit Card,4.0,176.12,False
1960,2961,Laptop,Food,10.86,17,27.0,2024-01-31,North,Cash,3.0,956.85,False
1961,2962,Headphones,Food,52.87,9,27.6,2023-03-09,North,Credit Card,1.0,555.59,False
1962,2963,Other,Clothing,90.18,19,33.1,2023-11-16,West,Credit Card,5.0,394.88,False
1963,2964,Keyboard,Home,19.84,13,24.0,2022-09-29,South,credit card,3.0,39.02,False
1964,2965,Monitor,Sports,120.47,17,9.6,2023-10-30,South,Credit Card,1.0,1135.98,False
1965,2966,Laptop,Home,57.75,2,21.9,2023-05-23,West,Cash,1.0,40.23,True
1966,2967,Monitor,Sports,259.02,9,20.8,2023-05-24,South,credit card,4.0,166.81,False
1967,2968,Camera,Books,126.43,15,23.8,2023-01-20,North,credit card,4.0,1465.38,False
1968,2969,Phone,Home,103.22,11,32.3,2023-05-11,South,Cash,1.0,417.32,False
1969,2970,Camera,Home,156.53,1,2.0,2023-08-04,West,Credit Card,5.0,445.39,True
1970,2971,Tablet,Clothing,224.77,6,24.5,2024-02-02,East,PayPal,2.0,621.09,False
1971,2972,Monitor,Sports,52.8,2,1.8,2022-04-08,East,Cash,4.0,4.04,False
1972,2973,Tablet,Clothing,506.84,13,15.9,2023-11-09,West,Credit Card,4.0,137.43,False
1973,2974,Laptop,Clothing,,7,21.9,2024-09-04,North,Cash,1.0,235.28,True
1974,2975,Headphones,Clothing,127.07,6,36.5,2023-06-08,North,credit card,5.0,98.8,False
1975,2976,Laptop,Home,11.99,2,7.0,2023-04-10,North,Cash,3.0,1019.04,False
1976,2977,Keyboard,Books,50.03,19,11.9,2024-08-28,South,PayPal,1.0,34.82,False
1977,2978,Laptop,Home,22.26,7,20.5,2022-12-04,South,PayPal,1.0,183.82,False
1978,2979,Camera,Sports,228.49,7,39.2,2024-12-16,East,PayPal,5.0,163.96,False
1979,2980,Keyboard,Sports,74.58,10,,2023-01-21,East,Credit Card,1.0,153.95,False
1980,2981,Tablet,Home,33.85,3,22.8,2022-05-28,East,Credit Card,4.0,287.44,False
1981,2982,Headphones,Food,462.65,7,6.3,2022-10-12,North,PayPal,4.0,151.86,False
1982,2983,Tablet,Clothing,35.06,9,24.5,2022-02-11,South,credit card,5.0,155.84,False
1983,2984,Keyboard,Clothing,55.8,8,5.9,2022-12-29,South,credit card,1.0,,False
1984,2985,Laptop,Sports,672.29,3,34.1,2024-12-18,East,Cash,3.0,138.56,False
1985,2986,Laptop,Clothing,173.55,6,27.4,2024-08-28,North,Cash,4.0,93.19,False
1986,2987,Phone,Sports,67.34,7,17.8,2023-08-18,East,Credit Card,3.0,33.62,False
1987,2988,Camera,Sports,131.23,9,12.5,2022-06-27,East,Credit Card,3.0,374.14,False
1988,2989,Laptop,Books,24.93,2,37.1,2024-03-04,North,credit card,3.0,85.06,False
1989,2990,Headphones,Home,91.94,16,8.0,2022-06-29,East,credit card,,498.9,False
1990,2991,Headphones,Food,103.51,15,1.9,2023-05-20,East,Credit Card,4.0,495.94,True
1991,2992,Phone,Sports,52.58,4,22.7,2023-09-02,South,Credit Card,4.0,162.74,True
1992,2993,Monitor,Clothing,,2,28.5,2024-01-22,West,credit card,4.0,109.44,False
1993,2994,Keyboard,Books,17.31,3,0.7,2024-09-11,East,Credit Card,2.0,491.05,False
1994,2995,Other,Home,114.07,3,18.9,2022-12-24,West,Cash,3.0,18.89,False
1995,2996,Tablet,Books,39.24,17,34.9,2023-10-28,East,PayPal,4.0,863.09,False
1996,2997,Camera,Home,40.45,13,32.3,2024-03-04,East,Credit Card,5.0,42.89,False
1997,2998,Phone,Clothing,24.7,14,39.0,2023-06-18,West,PayPal,4.0,313.0,False
1998,2999,Phone,Clothing,34.73,5,17.4,2023-01-10,East,PayPal,4.0,5.82,False
1999,3000,Camera,Sports,79.85,9,,2022-06-06,East,PAYPAL,5.0,471.38,False
2000,3001,Phone,Clothing,84.0,15,29.1,2024-03-19,East,PayPal,2.0,141.39,False
2001,3002,Tablet,Home,48.93,14,16.4,2024-07-20,East,PAYPAL,3.0,227.27,False
2002,3003,Keyboard,Books,39.57,10,24.7,2022-06-30,North,Cash,4.0,14.73,False
2003,3004,Camera,Clothing,45.38,4,20.0,2024-11-11,North,PayPal,3.0,186.06,False
2004,3005,Monitor,Clothing,550.75,5,2.9,2024-05-04,South,credit card,2.0,257.48,False
2005,3006,Phone,Books,43.58,1,11.7,2022-01-22,South,Cash,3.0,497.54,False
2006,3007,Keyboard,Books,13.41,1,23.9,2022-09-11,West,Cash,1.0,147.37,False
2007,3008,Keyboard,Sports,10.9,9,16.6,2023-02-01,East,credit card,5.0,77.24,False
2008,3009,Keyboard,Electronics,41.11,8,33.6,2022-10-03,North,Cash,5.0,384.99,False
2009,3010,Headphones,Sports,195.21,19,25.4,2022-02-17,South,PAYPAL,2.0,353.11,False
2010,3011,Monitor,Clothing,34.24,2,17.2,2023-12-07,West,PayPal,1.0,865.51,False
2011,3012,Camera,Home,223.86,9,37.2,2024-12-03,West,Credit Card,1.0,313.67,False
2012,3013,Headphones,Food,181.06,17,39.1,2024-12-10,West,Credit Card,5.0,136.65,False
2013,3014,Phone,Electronics,20.38,11,15.4,2024-09-11,South,credit card,5.0,110.91,False
2014,3015,Monitor,Clothing,125.02,14,0.3,2022-05-09,North,PAYPAL,1.0,368.44,False
2015,3016,Phone,Food,81.33,17,3.9,2024-07-16,East,Cash,5.0,110.8,False
2016,3017,Camera,Food,51.8,6,4.0,2024-01-26,East,PayPal,4.0,64.71,False
2017,3018,Headphones,Food,46.55,15,5.1,2022-01-28,South,PayPal,3.0,9.62,False
2018,3019,Monitor,Books,93.54,4,34.2,2022-03-31,North,PayPal,5.0,452.82,False
2019,3020,Laptop,Clothing,227.21,11,15.9,2023-08-17,South,PayPal,1.0,529.63,False
2020,3021,Keyboard,Food,30.71,6,1.9,2022-10-13,West,Credit Card,4.0,245.04,False
2021,3022,Keyboard,Home,63.35,15,1.7,2024-08-01,South,PayPal,1.0,52.5,False
2022,3023,Tablet,Home,12.14,5,39.8,2022-10-01,North,PayPal,3.0,617.87,False
2023,3024,Camera,Clothing,600.71,6,18.3,2022-07-10,East,Cash,4.0,252.89,False
2024,3025,Headphones,Sports,68.24,4,39.3,2022-07-19,West,PayPal,2.0,10.45,False
2025,3026,Headphones,Food,21.9,19,11.6,2024-02-07,North,Credit Card,1.0,7.92,False
2026,3027,Tablet,Clothing,43.98,4,31.2,2023-04-18,South,credit card,5.0,253.32,False
2027,3028,Keyboard,Electronics,15.56,15,12.0,2023-09-21,North,Credit Card,2.0,358.44,False
2028,3029,Keyboard,Food,,19,36.8,2023-04-02,North,Credit Card,5.0,948.37,False
2029,3030,Phone,Electronics,46.62,13,25.1,2024-01-16,West,Credit Card,5.0,1076.7,False
2030,3031,Phone,Electronics,185.34,9,33.9,2024-06-20,South,Credit Card,1.0,174.43,False
2031,3032,Tablet,Food,22.54,17,24.1,2024-01-08,North,Credit Card,2.0,73.27,False
2032,3033,Headphones,Electronics,278.66,3,7.5,2023-07-28,South,PayPal,1.0,259.89,False
2033,3034,Other,Books,14.04,15,,2024-11-23,West,Credit Card,2.0,1162.02,False
2034,3035,Keyboard,Electronics,66.22,9,20.8,2023-07-07,,PayPal,1.0,45.94,False
2035,3036,Camera,Food,82.44,1,18.1,2023-10-12,West,PayPal,4.0,8.77,True
2036,3037,Monitor,Electronics,35.38,9,15.4,2024-05-27,East,credit card,4.0,150.39,False
2037,3038,Tablet,Clothing,28.21,15,22.1,2023-11-27,South,credit card,5.0,371.21,False
2038,3039,Camera,Electronics,60.73,12,6.2,2022-09-22,South,PAYPAL,4.0,940.84,False
2039,3040,Phone,Home,42.0,6,22.0,2022-01-08,West,PayPal,4.0,50.99,False
2040,3041,Tablet,Clothing,27.74,17,13.7,2024-10-08,North,PayPal,5.0,293.48,False
2041,3042,Camera,Clothing,153.29,2,17.1,2023-07-13,South,PayPal,3.0,413.84,False
2042,3043,Camera,Electronics,15.37,13,7.0,2023-03-29,South,PayPal,2.0,156.49,False
2043,3044,Monitor,Electronics,16.9,12,13.6,2022-10-14,South,PayPal,2.0,743.88,False
2044,3045,Monitor,Electronics,9.43,10,7.9,2023-12-29,South,PayPal,4.0,273.03,False
2045,3046,Laptop,Clothing,43.01,4,10.8,2024-12-05,South,Credit Card,1.0,72.28,False
2046,3047,Keyboard,Sports,96.09,16,15.0,2023-12-18,West,credit card,4.0,707.28,False
2047,3048,Camera,Books,37.62,18,20.1,2024-05-08,South,credit card,2.0,476.29,False
2048,3049,Headphones,Clothing,100.4,12,16.3,2024-10-18,West,PayPal,3.0,116.5,False
2049,3050,Keyboard,Food,23.14,3,21.6,2024-10-29,East,Cash,2.0,87.57,False
2050,3051,Headphones,Food,17.57,8,22.6,2023-09-13,South,Cash,2.0,604.87,False
2051,3052,Phone,Food,87.94,4,27.0,2023-09-05,West,Credit Card,4.0,47.79,True
2052,3053,Camera,Food,16.76,2,26.1,2024-02-01,North,PayPal,4.0,108.83,False
2053,3054,Keyboard,Electronics,47.21,18,10.4,2023-12-27,North,PayPal,4.0,158.44,False
2054,3055,Phone,Food,23.98,13,7.3,2024-10-26,South,PayPal,3.0,551.02,False
2055,3056,Keyboard,Home,54.23,19,21.3,2024-06-13,East,Credit Card,3.0,105.67,False
2056,3057,Keyboard,Sports,47.54,3,2.3,2024-12-28,North,PayPal,1.0,47.45,False
2057,3058,Tablet,Sports,74.28,4,0.3,2024-08-21,South,Cash,1.0,126.0,False
2058,3059,Camera,Food,167.66,8,22.2,2023-10-26,South,Cash,4.0,163.45,False
2059,3060,Camera,Food,21.82,2,31.4,2024-11-22,North,Credit Card,2.0,213.1,False
2060,3061,Camera,Home,262.04,3,39.9,2022-08-13,South,Credit Card,2.0,71.61,True
2061,3062,Monitor,Sports,29.87,6,30.8,2023-01-12,North,Cash,2.0,657.65,False
2062,3063,Phone,Food,152.32,8,19.5,2024-05-02,,Credit Card,2.0,421.1,False
2063,3064,Camera,Home,4.32,13,,2023-12-08,South,Credit Card,3.0,44.42,False
2064,3065,Monitor,Food,32.71,17,4.8,2022-11-12,West,Credit Card,2.0,163.43,False
2065,3066,Keyboard,Books,264.59,13,32.4,2022-12-12,South,Credit Card,1.0,300.38,False
2066,3067,Other,Electronics,38.12,8,34.4,2023-11-15,South,Credit Card,3.0,166.32,False
2067,3068,Phone,Sports,98.47,15,3.1,2022-02-28,West,Credit Card,1.0,35.6,False
2068,3069,Keyboard,Clothing,382.22,9,15.5,2022-04-26,North,credit card,4.0,1372.01,False
2069,3070,Camera,Food,69.48,14,28.9,2023-11-04,South,PayPal,2.0,384.6,False
2070,3071,Headphones,Books,28.92,8,13.6,2024-03-26,West,PayPal,5.0,345.94,False
2071,3072,Monitor,Home,28.01,8,39.0,2022-01-27,North,credit card,3.0,18.88,False
2072,3073,Camera,Sports,38.32,17,7.6,2022-05-16,North,PAYPAL,2.0,58.93,False
2073,3074,Tablet,Books,17.61,6,2.4,2022-09-25,North,Credit Card,4.0,834.66,False
2074,3075,Monitor,Home,139.35,18,10.9,2024-04-12,North,credit card,5.0,429.3,False
2075,3076,Headphones,Food,18.94,18,6.4,2022-10-25,South,credit card,4.0,383.89,False
2076,3077,Tablet,Home,89.07,4,25.9,2023-04-17,North,PayPal,1.0,337.84,False
2077,3078,Phone,Clothing,343.97,4,26.3,2024-02-15,North,Credit Card,2.0,95.15,False
2078,3079,Phone,Clothing,52.35,10,26.8,2024-01-29,West,Cash,2.0,805.85,False
2079,3080,Camera,Books,2.92,14,4.1,2022-01-19,North,PayPal,2.0,591.62,False
2080,3081,Phone,Food,16.81,18,17.4,2024-12-24,West,Cash,5.0,83.41,False
2081,3082,Keyboard,Clothing,,14,18.3,2023-08-03,East,Cash,5.0,117.14,False
2082,3083,Tablet,Food,136.05,2,15.1,2023-03-31,South,Cash,2.0,187.4,False
2083,3084,Tablet,Sports,47.5,14,14.0,2023-01-20,South,PayPal,4.0,327.32,False
2084,3085,Headphones,Books,54.68,2,7.4,2024-01-27,East,credit card,5.0,97.34,False
2085,3086,Other,Books,134.51,4,14.8,2022-09-17,South,Credit Card,2.0,140.55,False
2086,3087,Keyboard,Clothing,16258.798561277623,13,13.4,2022-11-26,South,Credit Card,,164.6,False
2087,3088,Camera,Books,13.66,6,4.1,2023-06-21,East,PAYPAL,3.0,13.84,False
2088,3089,Laptop,Electronics,55.48,16,32.7,2022-09-09,East,Credit Card,5.0,146.73,True
2089,3090,Tablet,Clothing,44.15,1,35.3,2024-06-12,East,PAYPAL,4.0,1127.04,True
2090,3091,Other,Sports,27.46,16,31.7,2024-10-18,North,credit card,5.0,110.85,False
2091,3092,Laptop,Food,35.97,6,30.2,2023-08-23,North,PayPal,5.0,108.69,False
2092,3093,Keyboard,Food,38.94,12,9.7,2023-04-28,South,credit card,3.0,162.25,False
2093,3094,Laptop,Clothing,39.94,18,20.1,2023-04-24,East,Credit Card,1.0,567.15,False
2094,3095,Monitor,Books,19.75,17,,2023-04-01,West,Credit Card,4.0,607.61,False
2095,3096,Other,Home,128.64,14,32.4,2022-03-25,West,Credit Card,4.0,317.19,False
2096,3097,Phone,Food,20.2,13,27.1,2024-05-06,South,PayPal,2.0,260.19,False
2097,3098,Keyboard,Sports,23.2,10,10.1,2022-09-04,West,Credit Card,5.0,557.5,False
2098,3099,Phone,Electronics,85.43,14,8.5,2022-11-17,North,Credit Card,1.0,347.07,False
2099,3100,Keyboard,Food,20.44,1,30.9,2022-08-12,North,credit card,3.0,863.52,False
2100,3101,Tablet,Clothing,64.97,6,19.4,2023-02-20,North,Credit Card,3.0,132.33,False
2101,3102,Monitor,Electronics,84.13,2,4.2,2023-06-07,South,PAYPAL,4.0,182.73,False
2102,3103,Camera,Sports,17.46,8,21.4,2024-09-17,South,credit card,3.0,250.85,False
2103,3104,Laptop,Sports,35.48,6,3.5,2024-11-09,North,PayPal,2.0,347.74,False
2104,3105,Other,Electronics,140.11,2,24.4,2023-02-13,West,Credit Card,2.0,369.38,False
2105,3106,Laptop,Electronics,199.91,1000,37.2,2023-05-15,South,PayPal,1.0,776.58,False
2106,3107,Camera,Food,26.74,17,35.3,2023-03-02,North,PAYPAL,3.0,42.68,False
2107,3108,Phone,Books,170.15,1,37.7,2024-03-24,West,credit card,4.0,278.11,False
2108,3109,Phone,Sports,14.79,9,30.1,2023-03-11,East,PAYPAL,5.0,371.74,False
2109,3110,Keyboard,Electronics,105.98,10,12.3,2024-12-18,North,Credit Card,3.0,1.99,False
2110,3111,Tablet,Clothing,56.92,14,1.7,2023-08-16,North,Cash,5.0,103.68,False
2111,3112,Headphones,Food,35.46,8,33.2,2024-07-17,East,Cash,4.0,368.18,False
2112,3113,Keyboard,Clothing,8.7,14,36.6,2022-08-12,West,Credit Card,1.0,2.53,False
2113,3114,Keyboard,Sports,51.08,3,20.8,2023-02-19,East,Credit Card,2.0,155.83,False
2114,3115,Monitor,Home,29.88,3,16.6,2024-03-27,North,credit card,2.0,42.57,False
2115,3116,Tablet,Electronics,18.97,1,6.5,2023-06-22,West,PayPal,4.0,1234.61,False
2116,3117,Tablet,Food,30.23,19,2.0,2023-07-17,South,PayPal,4.0,53.14,False
2117,3118,Laptop,Books,61.12,19,22.8,2022-09-22,South,Credit Card,2.0,321.48,False
2118,3119,Laptop,Sports,138.33,6,36.4,2023-09-13,East,Credit Card,1.0,197.69,False
2119,3120,Phone,Home,31.07,14,10.9,2022-03-09,West,PayPal,4.0,1744.14,False
2120,3121,Other,Sports,25.96,3,37.5,2024-04-12,East,Credit Card,2.0,317.75,False
2121,3122,Keyboard,Home,197.5,16,32.4,2024-07-20,West,PayPal,,43.57,False
2122,3123,Keyboard,Food,19.64,6,3.3,2023-01-11,North,Cash,1.0,260.53,False
2123,3124,Tablet,Sports,260.01,11,13.7,2022-01-13,West,credit card,4.0,96.06,False
2124,3125,Monitor,Food,79.02,19,27.9,2023-06-27,South,PayPal,3.0,725.88,False
2125,3126,Keyboard,Sports,27.8,19,9.6,2023-07-24,South,Credit Card,5.0,120.07,False
2126,3127,Laptop,Electronics,45.84,9,24.9,2023-04-09,South,Credit Card,3.0,157.08,False
2127,3128,Camera,Clothing,15.31,5,33.4,2023-11-27,North,Cash,3.0,69.29,False
2128,3129,Keyboard,Home,45.33,17,29.3,2024-07-01,North,Cash,5.0,129.25,False
2129,3130,Laptop,Clothing,35.41,8,37.0,2024-10-10,North,Credit Card,5.0,167.43,False
2130,3131,Phone,Books,22.53,7,11.9,2022-01-04,North,Credit Card,5.0,356.21,False
2131,3132,Tablet,Clothing,76.78,13,10.4,2024-09-01,West,Cash,2.0,94.7,False
2132,3133,Headphones,Home,138.14,3,7.0,2022-04-04,North,Cash,4.0,146.46,False
2133,3134,Tablet,Home,50.49,14,16.9,2022-03-24,North,credit card,4.0,608.79,False
2134,3135,Other,Books,21.87,16,32.5,2022-10-06,North,credit card,2.0,114.52,False
2135,3136,Laptop,Sports,133.29,14,24.6,2022-08-24,South,PAYPAL,4.0,295.72,False
2136,3137,Phone,Food,106.34,2,28.9,2023-12-03,West,Cash,2.0,330.71,False
2137,3138,Phone,Electronics,48.46,5,26.3,2023-09-15,North,Cash,3.0,565.12,False
2138,3139,Laptop,Sports,251.83,7,35.9,2023-03-28,North,Credit Card,3.0,181.22,False
2139,3140,Phone,Sports,33.41,12,24.6,2024-04-18,South,PayPal,5.0,141.97,False
2140,3141,Keyboard,Food,153.5,15,19.4,2022-04-12,North,Credit Card,5.0,592.03,False
2141,3142,Phone,Clothing,10.22,10,,2023-09-30,West,PayPal,3.0,113.4,False
2142,3143,Tablet,Electronics,34.07,9,0.8,2024-08-13,East,credit card,3.0,305.03,False
2143,3144,Monitor,Food,84.92,19,28.4,2024-02-22,West,Credit Card,3.0,712.02,False
2144,3145,Monitor,Home,43.45,5,37.1,2022-07-28,North,Credit Card,3.0,80.21,True
2145,3146,Other,Books,178.59,12,16.2,2023-05-29,West,PayPal,2.0,43.02,False
2146,3147,Laptop,Clothing,12.26,9,33.0,2024-02-24,East,PayPal,4.0,53.32,False
2147,3148,Keyboard,Home,59.29,6,2.9,2024-09-26,East,Credit Card,5.0,418.71,False
2148,3149,Laptop,Food,47.49,4,6.3,2022-08-14,East,Credit Card,5.0,163.77,False
2149,3150,Phone,Clothing,11.84,9,11.7,2024-04-25,West,PayPal,3.0,754.7,False
2150,3151,Monitor,Food,252.34,18,11.7,2022-07-19,South,credit card,1.0,112.73,False
2151,3152,Laptop,Food,58.49,2,22.1,2022-06-26,South,Credit Card,5.0,30.77,False
2152,3153,Tablet,Clothing,42.34,6,,2022-05-08,South,Cash,4.0,167.49,False
2153,3154,Other,Sports,41.23,10,35.3,2024-04-18,North,PAYPAL,3.0,167.85,False
2154,3155,Tablet,Home,56.11,19,10.8,2024-04-17,East,PAYPAL,4.0,172.11,False
2155,3156,Phone,Electronics,48.06,18,14.8,2024-03-05,North,Credit Card,3.0,509.7,False
2156,3157,Monitor,Clothing,43.21,11,7.9,2022-11-26,North,Cash,2.0,175.46,False
2157,3158,Camera,Sports,107.16,14,25.7,2024-03-06,East,PayPal,5.0,91.78,False
2158,3159,Headphones,Books,245.05,8,32.5,2022-12-12,West,Credit Card,3.0,374.88,True
2159,3160,Monitor,Electronics,48.65,5,5.8,2022-07-30,East,Cash,3.0,145.59,False
2160,3161,Laptop,Electronics,19.24,19,32.8,2022-08-17,South,Credit Card,2.0,66.18,False
2161,3162,Monitor,Clothing,75.95,8,38.0,2023-08-01,East,PayPal,5.0,83.48,False
2162,3163,Phone,Electronics,2.11,13,6.8,2024-01-03,North,credit card,3.0,30.08,False
2163,3164,Camera,Electronics,10.8,14,,2023-01-21,East,PayPal,1.0,143.7,False
2164,3165,,Books,65.71,13,38.7,2022-05-11,East,PayPal,3.0,241.46,False
2165,3166,Phone,Sports,27.51,1,27.2,2023-11-24,East,credit card,2.0,104.93,False
2166,3167,Other,Food,46.2,13,10.7,2024-03-01,East,PAYPAL,4.0,103.22,False
2167,3168,Tablet,Food,21.78,7,9.1,2022-02-22,South,credit card,5.0,782.86,False
2168,3169,Headphones,Electronics,172.55,1,7.0,2022-02-05,North,PayPal,3.0,1006.29,False
2169,3170,Phone,Clothing,140.96,15,39.7,2024-10-26,West,Cash,,75.93,False
2170,3171,Tablet,Books,162.52,7,5.1,2022-09-08,East,Credit Card,4.0,903.16,True
2171,3172,Tablet,Home,51.8,19,38.2,2024-02-21,North,Credit Card,3.0,558.29,False
2172,3173,Headphones,Food,114.35,11,28.8,2022-10-01,West,credit card,4.0,734.49,False
2173,3174,Laptop,Sports,90.32,12,,2022-02-11,East,credit card,1.0,175.31,False
2174,3175,Headphones,Food,209.64,6,37.1,2023-07-04,South,Credit Card,1.0,508.93,False
2175,3176,Phone,Sports,39.93,7,6.0,2023-05-13,East,PayPal,1.0,136.0,False
2176,3177,Keyboard,Sports,158.69,6,4.7,2024-05-18,West,Cash,4.0,249.95,False
2177,3178,Keyboard,Books,18.37,13,16.8,2023-02-22,West,Cash,2.0,213.54,False
2178,3179,Headphones,Clothing,13.55,17,16.4,2024-11-09,South,Credit Card,4.0,38.11,False
2179,3180,Monitor,Books,94.84,10,38.2,2022-06-03,West,Credit Card,5.0,185.28,False
2180,3181,Laptop,Sports,64.65,8,35.4,2024-05-30,West,Cash,2.0,27.58,False
2181,3182,,Clothing,41.59,18,6.8,2024-06-15,East,PayPal,3.0,51.2,False
2182,3183,Phone,Food,15.61,8,15.6,2023-10-14,West,Credit Card,5.0,32.91,False
2183,3184,Camera,Sports,15.11,8,18.4,2023-07-10,East,PayPal,1.0,408.05,False
2184,3185,Camera,Food,73.02,18,19.6,2023-08-20,East,Cash,1.0,181.91,False
2185,3186,Keyboard,Home,35.32,4,39.2,2023-07-02,West,PayPal,5.0,291.73,False
2186,3187,Headphones,Sports,75.28,14,29.0,2022-02-25,East,PayPal,5.0,89.39,False
2187,3188,,Clothing,57.83,18,39.2,2023-06-01,East,PayPal,2.0,696.64,False
2188,3189,Phone,Home,206.69,12,24.9,2022-07-12,East,Cash,2.0,82.0,False
2189,3190,Phone,Books,119.52,14,17.6,2023-04-15,North,PayPal,1.0,1074.62,False
2190,3191,Laptop,Sports,17.68,13,18.1,2022-10-13,South,PAYPAL,3.0,7.53,False
2191,3192,Headphones,Books,40.95,7,13.0,2024-01-24,East,Credit Card,2.0,144.5,False
2192,3193,Phone,Food,66.8,15,32.8,2024-03-23,East,Credit Card,5.0,307.56,False
2193,3194,Monitor,Home,116.35,5,24.9,2024-07-20,West,Cash,2.0,4.59,False
2194,3195,Phone,Home,185.31,7,36.8,2023-07-01,South,Credit Card,,8.48,False
2195,3196,Other,Home,129.44,7,3.2,2022-02-04,North,PayPal,4.0,66.73,False
2196,3197,Tablet,Clothing,22.2,17,20.6,2024-09-12,North,Credit Card,3.0,407.16,False
2197,3198,Tablet,Books,9.5,14,14.7,2023-12-07,South,Cash,2.0,153.29,False
2198,3199,Keyboard,Electronics,17.14,1,16.3,2024-10-23,North,credit card,3.0,405.19,False
2199,3200,Tablet,Home,210.26,11,,2022-10-22,South,PayPal,3.0,558.36,False
2200,3201,Headphones,Clothing,293.49,1,26.6,2023-07-04,South,PAYPAL,1.0,533.08,True
2201,3202,Headphones,Home,3.92,19,12.0,2024-06-23,West,PayPal,5.0,745.19,False
2202,3203,Laptop,Food,67.8,7,8.6,2024-09-22,East,Credit Card,1.0,155.88,False
2203,3204,Camera,Electronics,27.12,12,28.0,2023-11-12,South,credit card,1.0,219.54,False
2204,3205,Other,Sports,140.26,5,14.5,2022-03-25,West,Cash,1.0,42.92,False
2205,3206,Monitor,Books,45.4,4,24.4,2022-03-05,North,Credit Card,4.0,391.06,True
2206,3207,Phone,Sports,241.99,5,39.9,2022-05-04,West,Credit Card,2.0,172.53,True
2207,3208,Headphones,Clothing,154.4,1,8.0,2023-07-08,West,PAYPAL,2.0,47.83,False
2208,3209,Tablet,Food,7.54,6,17.0,2024-10-09,North,Credit Card,5.0,5.9,False
2209,3210,Monitor,Sports,6.8,11,38.3,2024-06-25,East,Credit Card,4.0,727.5,False
2210,3211,Monitor,Electronics,30.7,16,18.7,2024-09-13,South,credit card,1.0,128.5,False
2211,3212,Camera,Food,70.0,16,35.7,2024-04-24,North,credit card,3.0,851.64,False
2212,3213,Laptop,Food,181.45,14,11.5,2022-09-10,East,Credit Card,4.0,623.34,False
2213,3214,Tablet,Sports,35.53,6,4.1,2022-03-31,East,PayPal,,39.12,False
2214,3215,Monitor,Home,57.74,11,13.1,2023-06-04,West,PAYPAL,,162.49,False
2215,3216,Tablet,Clothing,102.95,16,5.5,2024-08-01,East,PayPal,4.0,20.13,False
2216,3217,Phone,Home,96.3,13,5.2,2024-03-15,East,Cash,2.0,988.13,False
2217,3218,Other,Clothing,26.78,5,20.2,2023-03-05,North,Credit Card,3.0,239.46,True
2218,3219,Headphones,Books,18.8,6,10.0,2024-06-13,North,PayPal,2.0,135.95,False
2219,3220,Camera,Clothing,48.79,8,23.4,2024-12-15,South,Credit Card,1.0,195.46,False
2220,3221,Keyboard,Clothing,35.59,9,6.3,2024-04-15,South,Cash,2.0,247.22,False
2221,3222,Phone,Sports,157.11,4,33.1,2023-09-23,East,Cash,2.0,831.85,False
2222,3223,Keyboard,Home,3.31,13,27.1,2023-04-30,South,PayPal,4.0,521.68,False
2223,3224,Headphones,Sports,165.42,1,39.9,2023-12-07,West,Credit Card,1.0,1592.21,False
2224,3225,Keyboard,Electronics,33.63,1,11.2,2022-05-18,,Cash,5.0,173.24,False
2225,3226,Headphones,Electronics,79.91,16,4.3,2024-10-14,South,credit card,5.0,344.65,False
2226,3227,Laptop,Clothing,69.47,14,0.9,2024-04-23,South,Credit Card,2.0,238.59,False
2227,3228,,Books,29.72,19,8.4,2023-07-23,South,PayPal,1.0,357.96,False
2228,3229,Laptop,Electronics,92.5,1,7.2,2023-09-17,West,Cash,3.0,584.01,False
2229,3230,Phone,Clothing,3.99,15,6.0,2023-04-16,South,Credit Card,3.0,1506.54,False
2230,3231,Phone,Electronics,11.76,5,39.9,2023-11-11,West,credit card,1.0,138.93,False
2231,3232,Keyboard,Clothing,627.24,6,33.2,2022-04-02,West,PAYPAL,1.0,361.48,True
2232,3233,Tablet,Sports,14.73,7,,2024-06-30,,PayPal,5.0,327.11,False
2233,3234,Monitor,Sports,47.59,8,2.7,2024-03-12,South,Cash,1.0,335.46,False
2234,3235,Keyboard,Home,59.31,11,31.8,2024-11-18,North,PayPal,5.0,15.84,False
2235,3236,Camera,Food,30.1,5,36.6,2024-06-20,West,credit card,4.0,56.4,False
2236,3237,Laptop,Sports,35.18,11,4.8,2022-06-12,North,PayPal,3.0,348.57,False
2237,3238,Headphones,Food,35.83,10,30.4,2022-11-14,North,PayPal,4.0,157.62,False
2238,3239,Laptop,Clothing,71.21,3,8.3,2024-04-28,North,Credit Card,5.0,178.68,False
2239,3240,Keyboard,Books,31.39,12,15.6,2022-10-09,South,credit card,5.0,6.12,False
2240,3241,Phone,Food,80.44,3,5.5,2024-05-15,West,PayPal,5.0,72.25,False
2241,3242,Tablet,Books,90.45,17,1.4,2022-10-11,East,Cash,4.0,15.82,False
2242,3243,Laptop,Electronics,21.14,14,0.0,2023-10-30,North,PayPal,4.0,181.35,False
2243,3244,Tablet,Books,12.01,11,38.4,2024-12-27,West,Credit Card,5.0,476.27,False
2244,3245,Headphones,Clothing,127.75,18,16.1,2023-12-07,North,credit card,3.0,128.91,False
2245,3246,Keyboard,Sports,10.31,19,0.4,2023-02-10,South,PayPal,1.0,353.01,False
2246,3247,Other,Electronics,46.22,13,16.0,2024-01-27,West,Cash,1.0,97.2,False
2247,3248,Laptop,Sports,34.18,11,10.6,2022-11-24,North,Credit Card,5.0,1072.94,False
2248,3249,Tablet,Home,165.06,2,38.9,2024-03-29,West,Credit Card,2.0,255.85,False
2249,3250,Phone,Books,14.7,15,18.3,2024-12-26,East,Cash,1.0,188.85,False
2250,3251,Laptop,Sports,32.48,3,23.0,2022-07-08,South,Cash,2.0,266.52,False
2251,3252,Keyboard,Food,416.83,13,2.9,2024-07-01,North,PayPal,5.0,398.03,False
2252,3253,Other,Clothing,51.18,6,17.9,2022-10-16,East,Credit Card,3.0,623.29,True
2253,3254,Headphones,Books,361.48,9,8.8,2024-03-17,West,credit card,1.0,42.62,False
2254,3255,Camera,Clothing,160.51,16,30.3,2024-09-05,East,PayPal,4.0,224.41,False
2255,3256,Other,Food,40.52,18,28.7,2022-10-17,East,PAYPAL,1.0,23.76,True
2256,3257,Keyboard,Books,8.99,17,15.3,2023-10-21,West,Cash,3.0,27.8,False
2257,3258,Other,Food,9.19,14,19.9,2024-08-17,East,Credit Card,4.0,1620.56,False
2258,3259,Keyboard,Food,38.62,14,27.1,2022-06-29,East,Cash,2.0,384.5,False
2259,3260,Phone,Sports,53.55,5,11.9,2024-12-24,East,PayPal,1.0,550.21,False
2260,3261,Monitor,Electronics,189.99,8,17.5,2024-06-29,South,Credit Card,2.0,267.1,False
2261,3262,Monitor,Home,13.72,2,14.6,2024-04-16,West,PAYPAL,3.0,307.24,False
2262,3263,Monitor,Electronics,23.97,11,33.3,2024-07-05,West,PAYPAL,4.0,944.9,False
2263,3264,Other,Books,54.21,2,6.5,2022-05-03,West,PAYPAL,5.0,299.06,False
2264,3265,Headphones,Books,12.33,14,38.0,2023-11-24,North,Credit Card,3.0,133.47,False
2265,3266,Phone,Clothing,43.09,3,30.6,2024-05-26,West,credit card,5.0,235.52,False
2266,3267,Laptop,Books,13.96,15,24.7,2024-04-30,West,PAYPAL,5.0,324.65,False
2267,3268,Camera,Clothing,25.9,9,3.9,2023-01-18,South,credit card,2.0,390.89,False
2268,3269,Keyboard,Electronics,149.7,6,20.1,2024-09-03,East,Credit Card,5.0,98.55,False
2269,3270,Camera,Food,59.3,2,36.6,2022-04-04,East,Credit Card,5.0,79.32,False
2270,3271,,Sports,19.35,7,17.0,2024-07-01,West,credit card,3.0,111.55,False
2271,3272,Tablet,Sports,29.27,11,18.2,2022-02-18,North,PayPal,4.0,186.62,False
2272,3273,Laptop,Food,15.04,4,7.0,2024-02-01,South,Credit Card,2.0,237.85,True
2273,3274,Monitor,Electronics,68.02,17,24.8,2022-09-09,South,Credit Card,3.0,360.4,False
2274,3275,Phone,Home,27.42,16,6.8,2024-05-29,South,credit card,5.0,63.85,False
2275,3276,Monitor,Electronics,48.34,3,18.5,2022-11-27,West,credit card,2.0,146.96,False
2276,3277,Monitor,Clothing,99.24,15,0.4,2022-01-09,East,Credit Card,4.0,794.32,False
2277,3278,Phone,Clothing,25.19,18,30.5,2024-09-24,North,credit card,4.0,161.6,False
2278,3279,Tablet,Clothing,24.72,2,19.5,2024-07-24,East,Cash,2.0,221.76,False
2279,3280,Monitor,Clothing,54.37,18,17.5,2024-09-23,North,Credit Card,2.0,1196.41,False
2280,3281,Headphones,Sports,98.5,2,31.8,2023-12-20,East,PAYPAL,4.0,248.97,False
2281,3282,Headphones,Books,68.43,1,9.9,2024-11-30,West,Credit Card,4.0,102.61,False
2282,3283,Other,Food,109.78,18,25.3,2024-12-01,West,PayPal,4.0,1131.81,False
2283,3284,Tablet,Food,83.82,14,33.0,2024-11-29,West,Cash,2.0,127.84,False
2284,3285,Monitor,Sports,69.45,5,8.0,2022-03-08,East,Cash,,227.3,False
2285,3286,Laptop,Home,27.74,4,21.2,2023-08-22,North,Credit Card,3.0,162.05,False
2286,3287,Tablet,Food,,1,36.6,2022-11-30,North,credit card,1.0,256.42,False
2287,3288,Monitor,Books,126.86,19,20.5,2022-05-24,South,Credit Card,3.0,18.34,False
2288,3289,Headphones,Home,127.93,3,12.2,2023-09-23,West,PayPal,4.0,52.49,False
2289,3290,Laptop,Sports,60.25,6,20.3,2022-04-17,North,Credit Card,5.0,308.6,False
2290,3291,Phone,Books,101.97,11,3.7,2022-12-14,North,Credit Card,5.0,304.51,False
2291,3292,Laptop,Sports,124.58,9,29.0,2024-03-22,West,PayPal,4.0,74.55,False
2292,3293,Monitor,Books,63.24,8,10.9,2022-05-05,East,Cash,2.0,43.01,True
2293,3294,Phone,Home,341.59,9,35.8,2023-11-03,West,Cash,5.0,113.9,False
2294,3295,Camera,Food,54.41,15,27.4,2024-01-29,East,Cash,5.0,1228.19,False
2295,3296,Keyboard,Food,104.79,8,35.5,2022-04-08,West,credit card,3.0,80.92,False
2296,3297,Other,Sports,16.41,6,7.5,2022-08-31,West,Cash,1.0,443.58,False
2297,3298,Headphones,Food,63.35,14,28.5,2022-12-25,West,Credit Card,1.0,794.58,False
2298,3299,Tablet,Sports,180.04,5,11.4,2024-05-16,West,Credit Card,3.0,405.48,True
2299,3300,Laptop,Food,14.72,11,12.1,2023-04-16,West,Credit Card,4.0,35.65,False
2300,3301,Tablet,Electronics,23.06,1,39.6,2024-06-20,West,PayPal,4.0,1193.56,False
2301,3302,Tablet,Books,195.92,2,18.9,2024-12-11,West,credit card,2.0,1595.92,True
2302,3303,Monitor,Electronics,99.44,18,8.0,2023-05-11,South,credit card,3.0,903.6,False
2303,3304,Monitor,Food,20.13,10,25.6,2023-06-16,North,Credit Card,4.0,184.76,True
2304,3305,Monitor,Sports,41.39,3,22.9,2023-05-22,East,Cash,3.0,738.66,False
2305,3306,Tablet,Food,118.76,18,10.7,2022-11-30,North,PayPal,1.0,166.16,False
2306,3307,Headphones,Electronics,42.78,4,12.1,2022-10-13,South,Credit Card,4.0,119.3,False
2307,3308,Keyboard,Home,60.55,19,33.1,2023-08-16,North,PayPal,1.0,34.02,False
2308,3309,Tablet,Food,31.99,14,26.0,2024-10-30,North,PayPal,2.0,174.38,False
2309,3310,Phone,Books,15.01,15,35.3,2022-11-21,East,Credit Card,1.0,557.25,False
2310,3311,Camera,Home,44.49,16,22.0,2024-04-05,South,Cash,3.0,8.87,False
2311,3312,Phone,Home,46.78,5,31.8,2024-12-11,South,Cash,4.0,198.54,False
2312,3313,Other,Electronics,35.44,9,10.6,2022-07-05,East,Credit Card,3.0,14.93,False
2313,3314,Other,Books,50.95,17,16.4,2022-03-31,East,Credit Card,5.0,1465.56,False
2314,3315,Tablet,Clothing,18.83,2,17.1,2022-01-21,South,Cash,5.0,189.63,False
2315,3316,Laptop,Food,61.82,7,33.4,2022-02-09,East,Credit Card,1.0,335.19,False
2316,3317,Phone,Sports,110.12,17,12.1,2022-06-30,East,Credit Card,1.0,50.73,False
2317,3318,Monitor,Electronics,14.06,5,31.0,2023-11-01,North,PayPal,5.0,813.92,False
2318,3319,Keyboard,Home,187.18,2,12.1,2023-04-10,West,Credit Card,1.0,402.06,False
2319,3320,Keyboard,Food,15.73,10,11.8,2023-06-21,East,credit card,5.0,171.27,False
2320,3321,Monitor,Clothing,181.07,10,3.0,2024-03-17,South,Credit Card,3.0,768.11,False
2321,3322,Phone,Clothing,196.38,18,14.8,2024-12-01,South,PayPal,3.0,237.85,True
2322,3323,Headphones,Clothing,87.78,4,30.2,2023-05-08,South,Cash,1.0,684.18,False
2323,3324,Tablet,Food,43.55,8,5.8,2023-02-25,East,Credit Card,5.0,72.48,False
2324,3325,Tablet,Books,14.84,17,26.9,2024-08-08,East,Credit Card,1.0,192.4,False
2325,3326,Camera,Books,38.27,4,1.5,2023-09-03,East,Cash,5.0,330.41,False
2326,3327,Laptop,Books,135.2,17,36.1,2022-03-23,South,Cash,1.0,118.92,False
2327,3328,Keyboard,Food,10.54,8,14.6,2022-11-12,North,Cash,2.0,269.81,False
2328,3329,Camera,Electronics,4.99,10,4.2,2023-04-24,East,Cash,4.0,58.42,False
2329,3330,Monitor,Electronics,35.04,19,5.6,2022-03-24,South,Cash,2.0,128.78,False
2330,3331,Tablet,Home,11.25,13,33.5,2024-01-16,South,PayPal,3.0,244.88,False
2331,3332,Keyboard,Sports,37.02,2,39.1,2023-12-13,East,credit card,1.0,196.12,False
2332,3333,Phone,Food,53.35,10,21.5,2024-01-22,West,Credit Card,4.0,84.24,False
2333,3334,Keyboard,Clothing,34.57,10,14.5,2023-03-21,South,Cash,4.0,344.39,False
2334,3335,Phone,Electronics,88.59,19,,2022-09-21,North,Credit Card,4.0,980.69,False
2335,3336,Monitor,Clothing,53.47,8,35.3,2024-06-25,North,PayPal,4.0,180.19,True
2336,3337,Laptop,Electronics,54.66,7,23.1,2024-02-26,South,Cash,2.0,120.18,False
2337,3338,Camera,Clothing,113.93,11,18.4,2024-09-18,East,Cash,5.0,75.82,False
2338,3339,Headphones,Home,150.23,2,2.9,2023-09-05,East,Credit Card,2.0,,False
2339,3340,Tablet,Sports,14.09,17,28.3,2022-03-05,South,Credit Card,1.0,98.0,False
2340,3341,Headphones,Electronics,116.26,9,1.9,2024-06-21,West,credit card,1.0,155.2,False
2341,3342,Phone,Sports,25.68,1,39.8,2022-01-29,East,PayPal,5.0,88.56,False
2342,3343,Other,Books,74.02,5,38.0,2022-06-03,East,PAYPAL,4.0,456.91,False
2343,3344,Laptop,Books,162.57,9,35.6,2022-08-18,West,PAYPAL,1.0,147.92,False
2344,3345,Laptop,Food,57.37,15,35.9,2024-11-05,North,Credit Card,3.0,159.82,False
2345,3346,Keyboard,Electronics,151.27,5,23.5,2024-07-26,South,PAYPAL,2.0,417.08,False
2346,3347,Monitor,Food,41.69,5,6.0,2022-07-12,North,Credit Card,5.0,54.68,False
2347,3348,Tablet,Electronics,13.92,19,35.8,2023-05-22,East,Credit Card,2.0,759.12,False
2348,3349,Tablet,Food,21.35,10,1.8,2023-01-10,East,Credit Card,1.0,2.85,False
2349,3350,Other,Electronics,142.83,1,33.1,2024-03-16,East,Cash,3.0,798.04,False
2350,3351,Laptop,Sports,45.66,15,26.2,2022-02-12,West,Credit Card,5.0,73.87,False
2351,3352,Monitor,Home,139.15,4,16.7,2023-04-16,South,Credit Card,4.0,52.49,False
2352,3353,Phone,Home,17.47,18,,2024-03-16,West,Cash,1.0,128.95,False
2353,3354,Monitor,Clothing,28.84,18,,2024-12-20,South,PayPal,5.0,597.62,False
2354,3355,Headphones,Food,24.7,15,9.7,2024-09-21,North,Cash,3.0,493.31,False
2355,3356,Headphones,Electronics,119.91,14,32.4,2024-12-04,West,PayPal,4.0,568.81,False
2356,3357,Laptop,Sports,203.08,13,27.6,2024-03-29,North,Cash,2.0,764.86,False
2357,3358,Monitor,Electronics,885.94,7,13.1,2023-06-21,South,credit card,1.0,127.0,False
2358,3359,Phone,Home,23.11,17,16.5,2024-04-21,East,Cash,4.0,378.2,False
2359,3360,Phone,Food,68.0,1,36.9,2022-07-30,North,Credit Card,2.0,137.1,False
2360,3361,Laptop,Electronics,40.21,6,7.6,2023-01-01,West,Cash,1.0,45.96,False
2361,3362,Laptop,Clothing,91.82,18,27.6,2024-01-03,East,PayPal,3.0,693.64,False
2362,3363,Laptop,Sports,54.88,17,9.0,2024-01-27,North,Credit Card,1.0,225.37,False
2363,3364,Camera,Food,80.91,7,17.7,2022-06-07,East,PayPal,2.0,126.45,False
2364,3365,Keyboard,Clothing,72.43,12,24.9,2023-09-21,West,Credit Card,4.0,372.27,False
2365,3366,Laptop,Electronics,185.41,9,30.7,2023-10-15,East,Cash,3.0,816.79,False
2366,3367,Camera,Sports,51.43,14,21.9,2023-12-27,South,credit card,2.0,50.09,False
2367,3368,Keyboard,Food,68.15,9,35.5,2024-04-01,North,PAYPAL,2.0,570.38,False
2368,3369,Headphones,Books,42.69,10,37.6,2022-06-01,South,Credit Card,3.0,465.94,False
2369,3370,Laptop,Food,19.83,10,17.1,2024-11-04,West,PayPal,4.0,206.69,False
2370,3371,Tablet,Clothing,90.16,18,11.3,2022-05-23,East,credit card,1.0,1044.89,False
2371,3372,Phone,Electronics,224.57,2,17.7,2023-07-22,East,Credit Card,2.0,352.36,False
2372,3373,Phone,Electronics,233.85,12,13.8,2023-03-21,North,PayPal,4.0,525.76,False
2373,3374,Keyboard,Food,35.56,15,20.6,2022-11-04,West,Credit Card,1.0,86.14,False
2374,3375,Headphones,Sports,184.92,1,29.6,2024-11-06,West,Credit Card,4.0,30.27,False
2375,3376,Camera,Home,18.85,10,22.0,2023-02-06,South,Cash,5.0,15.69,False
2376,3377,Keyboard,Sports,327.79,5,38.7,2022-04-14,South,Cash,3.0,5.97,False
2377,3378,Tablet,Electronics,32.66,6,25.1,2022-05-27,South,Cash,4.0,563.68,False
2378,3379,Keyboard,Sports,4.6,10,32.9,2023-06-07,West,PayPal,2.0,179.1,False
2379,3380,Headphones,Food,87.86,5,37.2,2024-10-08,North,Cash,3.0,853.36,False
2380,3381,Phone,Food,31.19,12,12.3,2023-09-22,North,Credit Card,3.0,368.29,False
2381,3382,Camera,Clothing,247.77,5,26.8,2022-11-05,South,PAYPAL,1.0,6.41,False
2382,3383,Monitor,Books,42.78,14,23.7,2023-11-27,North,Cash,1.0,145.43,False
2383,3384,Monitor,Sports,107.2,16,5.2,2024-10-08,East,PayPal,1.0,136.29,False
2384,3385,Keyboard,Home,58.89,16,4.7,2022-03-20,North,Credit Card,4.0,13.59,False
2385,3386,Headphones,Clothing,245.33,13,4.0,2022-02-10,North,Credit Card,4.0,357.91,True
2386,3387,Tablet,Sports,41.4,12,11.7,2023-01-24,South,Cash,1.0,8.72,False
2387,3388,Laptop,Sports,68.33,1,24.7,2022-01-16,West,PayPal,5.0,48.64,False
2388,3389,Keyboard,Sports,71.81,2,28.3,2023-04-10,North,Credit Card,2.0,478.66,True
2389,3390,Monitor,Electronics,55.43,13,20.6,2024-08-15,West,Credit Card,5.0,3.35,False
2390,3391,Laptop,Electronics,31.48,13,4.8,2024-08-27,West,PayPal,3.0,877.31,False
2391,3392,Keyboard,Food,216.81,2,4.2,2024-06-29,West,PAYPAL,5.0,158.27,False
2392,3393,Headphones,Electronics,65.6,2,39.3,2022-07-12,South,Credit Card,1.0,139.69,False
2393,3394,Phone,Home,24.0,3,29.5,2022-06-21,South,credit card,1.0,5.18,False
2394,3395,Phone,Home,94.23,2,18.9,2024-01-19,West,Cash,3.0,250.33,False
2395,3396,Headphones,Clothing,73.9,3,29.8,2023-01-18,West,PayPal,3.0,138.23,False
2396,3397,Keyboard,Clothing,60.59,11,34.4,2023-12-25,West,Cash,5.0,626.71,False
2397,3398,Camera,Food,944.99,8,18.8,2024-10-24,West,Credit Card,4.0,358.21,False
2398,3399,Monitor,Books,26.61,1,,2023-01-04,South,PayPal,1.0,163.54,False
2399,3400,Headphones,Food,6.86,2,33.9,2024-09-30,West,Credit Card,,469.75,True
2400,3401,Phone,Sports,24.01,500,23.0,2023-08-27,North,Credit Card,3.0,438.75,False
2401,3402,Keyboard,Home,34.14,17,22.7,2022-08-14,West,PayPal,2.0,78.77,False
2402,3403,Laptop,Electronics,23.5,4,25.1,2024-07-22,East,PayPal,3.0,114.4,False
2403,3404,Monitor,Clothing,22.55,7,4.9,2024-04-27,South,PayPal,1.0,325.42,False
2404,3405,Camera,Home,18.06,13,6.7,2023-07-23,North,Credit Card,2.0,197.74,False
2405,3406,Phone,Home,52.13,14,34.9,2024-12-24,West,PAYPAL,4.0,707.64,False
2406,3407,Laptop,Electronics,190.26,12,26.6,2022-05-03,North,Credit Card,2.0,169.74,False
2407,3408,Phone,Food,122.07,12,23.5,2023-04-07,South,Credit Card,4.0,391.71,False
2408,3409,Headphones,Sports,35320.47725438229,3,26.0,2024-12-09,East,Cash,1.0,159.45,False
2409,3410,Monitor,Sports,64.63,6,36.1,2022-06-05,South,Cash,5.0,11.65,False
2410,3411,Headphones,Books,79.86,10,28.3,2023-06-30,South,PayPal,4.0,232.21,True
2411,3412,Laptop,Food,48.4,7,17.8,2024-05-15,North,Credit Card,3.0,113.15,False
2412,3413,Laptop,Clothing,114.72,6,30.4,2024-10-21,South,Credit Card,2.0,485.61,False
2413,3414,Phone,Home,18.51,16,16.7,2024-12-27,West,PayPal,3.0,122.45,False
2414,3415,Tablet,Home,29.29,8,31.4,2022-06-10,East,PayPal,1.0,198.93,False
2415,3416,Headphones,Clothing,114.54,12,3.1,2024-06-25,South,PayPal,2.0,443.7,False
2416,3417,Other,Home,69.93,1,21.4,2024-04-05,North,Cash,3.0,61.01,False
2417,3418,Headphones,Sports,136.45,3,37.8,2023-06-28,North,credit card,3.0,23.87,False
2418,3419,Laptop,Food,36.11,18,2.7,2024-12-14,South,Cash,3.0,210.18,False
2419,3420,Camera,Clothing,1.71,19,2.0,2023-09-20,South,Cash,2.0,205.1,False
2420,3421,Tablet,Food,13.09,12,20.5,2024-03-15,North,credit card,3.0,193.27,False
2421,3422,Tablet,Sports,98.43,10,9.0,2024-01-21,South,Cash,2.0,23.36,False
2422,3423,Keyboard,Clothing,52.06,4,34.6,2022-04-20,West,Credit Card,3.0,104.98,False
2423,3424,Keyboard,Clothing,13.42,2,10.3,2023-07-21,South,Cash,1.0,9.1,False
2424,3425,Keyboard,Books,51.38,6,2.8,2022-11-04,South,PayPal,4.0,979.08,False
2425,3426,Monitor,Clothing,12.57,6,32.8,2024-07-21,East,credit card,4.0,508.55,False
2426,3427,Laptop,Sports,21.78,15,2.7,2024-11-27,West,PayPal,1.0,255.1,False
2427,3428,Monitor,Sports,31.79,11,37.8,2022-06-23,East,credit card,3.0,236.74,False
2428,3429,Camera,Food,40.86,13,27.7,2022-09-03,North,PayPal,2.0,203.24,False
2429,3430,Phone,Home,19.65,6,24.6,2024-12-21,West,Credit Card,4.0,131.17,False
2430,3431,Keyboard,Food,66.66,15,21.9,2023-02-07,North,Cash,5.0,365.02,False
2431,3432,Keyboard,Electronics,54.53,2,28.1,2024-08-18,South,PayPal,3.0,512.33,False
2432,3433,Phone,Electronics,179.08,17,12.6,2022-06-15,East,credit card,1.0,646.57,False
2433,3434,Laptop,Home,40.11,9,28.1,2024-02-06,West,Cash,3.0,39.27,False
2434,3435,Other,Electronics,63.75,5,9.7,2024-11-30,East,PayPal,5.0,641.88,False
2435,3436,Laptop,Electronics,60.01,13,21.2,2022-11-29,North,Credit Card,5.0,87.51,False
2436,3437,Phone,Home,90.33,4,,2023-08-31,South,Credit Card,3.0,29.16,False
2437,3438,Laptop,Clothing,269.69,2,33.6,2024-06-15,North,Cash,2.0,204.3,False
2438,3439,Laptop,Sports,13.54,16,39.7,2022-01-25,East,Cash,4.0,58.43,False
2439,3440,Monitor,Sports,61.65,10,4.0,2023-09-18,South,Credit Card,2.0,159.28,False
2440,3441,Camera,Books,79.22,4,5.6,2023-05-28,South,Credit Card,,447.59,False
2441,3442,Laptop,Food,59.87,1,36.3,2024-11-12,North,Credit Card,4.0,253.66,False
2442,3443,Camera,Books,109.83,15,18.9,2023-10-11,East,PayPal,5.0,268.96,False
2443,3444,Tablet,Electronics,25.42,10,19.6,2024-07-09,North,PayPal,2.0,31.77,False
2444,3445,Laptop,Sports,29.81,11,19.2,2023-04-27,South,PayPal,2.0,1104.52,False
2445,3446,Laptop,Sports,15.47,5,4.8,2024-07-30,West,credit card,5.0,28.47,False
2446,3447,Monitor,Electronics,3.22,12,1.9,2024-02-04,South,Credit Card,2.0,51.17,True
2447,3448,Laptop,Electronics,52.65,13,9.0,2023-06-08,North,PayPal,1.0,13.06,False
2448,3449,Laptop,Home,58.61,10,10.5,2024-10-06,East,Cash,2.0,,False
2449,3450,Phone,Books,158.48,10,20.8,2024-09-05,West,credit card,3.0,127.78,False
2450,3451,Other,Food,34.53,4,12.0,2024-06-01,South,credit card,2.0,81.92,False
2451,3452,Phone,Food,276.79,15,28.9,2022-08-05,West,Cash,4.0,140.61,False
2452,3453,Tablet,Electronics,233.1,7,24.5,2024-07-31,East,Credit Card,4.0,167.15,False
2453,3454,Tablet,Food,37.14,12,32.6,2024-11-28,West,Credit Card,3.0,751.04,False
2454,3455,Monitor,Clothing,98.67,1,11.8,2022-03-25,North,PayPal,4.0,177.57,False
2455,3456,Other,Sports,67.51,3,25.9,2024-11-28,South,PAYPAL,3.0,277.61,True
2456,3457,Keyboard,Electronics,90.41,15,5.4,2023-11-28,West,PAYPAL,2.0,15.75,False
2457,3458,Monitor,Food,64.68,18,8.3,2023-09-17,East,PayPal,5.0,250.0,False
2458,3459,Monitor,Sports,84.67,9,22.8,2023-06-25,East,credit card,1.0,72.74,False
2459,3460,Laptop,Home,113.95,18,26.0,2023-09-26,North,credit card,2.0,35.89,False
2460,3461,Other,Food,38.08,14,25.9,2022-11-01,South,PayPal,3.0,103.79,False
2461,3462,Tablet,Sports,167.86,2,9.6,2023-02-08,South,credit card,5.0,87.51,True
2462,3463,Keyboard,Clothing,153.13,12,27.6,2023-05-22,East,Credit Card,2.0,597.51,False
2463,3464,Phone,Sports,57.5,14,21.8,2023-09-17,South,PayPal,1.0,77.72,False
2464,3465,Tablet,Sports,18.62,8,14.9,2023-06-17,North,Credit Card,5.0,373.31,False
2465,3466,Other,Clothing,466.85,9,30.2,2022-09-17,East,Credit Card,5.0,141.11,False
2466,3467,Tablet,Sports,13.46,9,27.7,2023-02-22,East,Credit Card,4.0,761.06,False
2467,3468,Camera,Clothing,50.77,3,15.0,2022-09-19,East,PAYPAL,3.0,56.51,False
2468,3469,Phone,Books,42.58,12,13.0,2024-12-05,West,Credit Card,3.0,139.33,False
2469,3470,Phone,Food,36.23,4,35.6,2023-09-10,North,PayPal,5.0,1031.3,False
2470,3471,Headphones,Home,5.82,5,0.8,2024-04-07,West,credit card,3.0,165.87,False
2471,3472,Phone,Food,42.35,6,31.8,2023-05-27,South,PayPal,5.0,358.13,False
2472,3473,Other,Food,72.79,9,9.7,2023-10-28,West,PayPal,3.0,188.55,False
2473,3474,Camera,Books,172.59,9,21.5,2023-10-26,West,credit card,5.0,228.12,False
2474,3475,Tablet,Home,152.87,15,5.9,2022-08-02,South,PayPal,4.0,151.95,True
2475,3476,Keyboard,Books,42.68,7,38.7,2022-09-23,West,credit card,2.0,451.24,False
2476,3477,Phone,Food,62.72,17,6.0,2022-07-25,,PayPal,1.0,96.26,True
2477,3478,Laptop,Books,8.89,14,27.9,2023-01-07,North,Cash,1.0,181.93,False
2478,3479,Laptop,Sports,37.77,16,31.6,2024-04-22,West,credit card,3.0,287.34,True
2479,3480,Camera,Food,20.84,19,38.7,2022-04-01,West,Cash,5.0,23.62,False
2480,3481,Monitor,Sports,33.88,14,37.1,2022-02-20,West,Credit Card,1.0,99.03,False
2481,3482,Keyboard,Sports,115.44,7,10.6,2023-09-04,West,credit card,3.0,42.42,False
2482,3483,Camera,Food,41.38,2,10.7,2023-09-19,East,PayPal,4.0,424.86,False
2483,3484,Camera,Books,122.32,1,33.5,2024-06-15,South,Credit Card,5.0,705.37,False
2484,3485,Phone,Sports,51.86,18,3.5,2022-08-04,North,PAYPAL,1.0,11.41,False
2485,3486,Headphones,Books,61.36,1,,2023-04-01,North,credit card,3.0,661.41,False
2486,3487,Phone,Food,10.46,7,26.7,2024-02-21,North,PayPal,1.0,31.53,False
2487,3488,Headphones,Home,97.32,5,11.2,2023-10-14,North,Credit Card,5.0,302.89,False
2488,3489,Camera,Food,31.65,18,28.7,2024-03-30,South,Credit Card,2.0,378.69,False
2489,3490,Headphones,Sports,33.07,15,22.8,2023-08-04,East,Credit Card,4.0,376.84,False
2490,3491,Camera,Food,77.6,6,35.6,2023-08-21,East,PAYPAL,3.0,97.21,False
2491,3492,Camera,Clothing,44.41,2,11.9,2023-07-24,West,Credit Card,5.0,318.91,False
2492,3493,Tablet,Electronics,38.22,14,7.2,2022-05-06,South,PayPal,1.0,89.73,False
2493,3494,Monitor,Books,165.05,16,32.6,2023-08-25,South,Credit Card,1.0,211.54,False
2494,3495,Monitor,Food,10.55,17,1.6,2023-04-22,South,Credit Card,1.0,73.07,False
2495,3496,Other,Clothing,52.84,6,29.3,2023-08-06,East,Cash,5.0,238.53,False
2496,3497,Keyboard,Books,257.57,16,32.2,2023-02-14,West,Credit Card,4.0,18.23,False
2497,3498,Headphones,Books,95.01,7,19.5,2024-12-18,South,Cash,4.0,166.81,False
2498,3499,Headphones,Clothing,104.0,12,5.5,2022-09-14,East,Credit Card,4.0,272.51,False
2499,3500,Keyboard,Books,,7,24.9,2022-05-05,West,Credit Card,1.0,352.37,False
2500,3501,Headphones,Books,20.75,4,19.4,2022-05-03,West,PayPal,2.0,161.93,True
2501,3502,Phone,Books,36.82,14,36.3,2023-08-21,West,PayPal,4.0,19.19,True
2502,3503,Headphones,Home,29.01,10,0.7,2022-07-28,South,Credit Card,4.0,818.58,False
2503,3504,Tablet,Clothing,,11,12.8,2022-05-03,East,credit card,3.0,0.87,False
2504,3505,Tablet,Electronics,135.36,5,15.4,2023-08-28,East,Cash,3.0,46.9,False
2505,3506,Headphones,Food,61.89,18,19.8,2024-07-02,East,Credit Card,5.0,1004.33,False
2506,3507,Phone,Sports,18.95,17,38.0,2024-10-25,North,PayPal,1.0,479.96,False
2507,3508,Laptop,Electronics,4.25,5,23.7,2024-04-11,West,PayPal,2.0,318.59,False
2508,3509,Keyboard,Home,425.06,12,1.3,2022-09-05,West,PayPal,1.0,369.17,False
2509,3510,Laptop,Electronics,39.16,18,37.2,2024-08-07,North,PayPal,5.0,33.71,False
2510,3511,Camera,Sports,59.78,19,22.4,2024-02-05,East,credit card,2.0,473.29,False
2511,3512,Headphones,Food,172.89,17,5.4,2023-12-02,West,credit card,3.0,225.03,True
2512,3513,Other,Clothing,38.8,16,3.5,2022-01-28,South,Cash,2.0,49.53,False
2513,3514,Tablet,Clothing,24.83,18,30.0,2023-08-05,West,PayPal,4.0,193.79,True
2514,3515,Phone,Food,183.61,16,37.0,2022-10-10,South,PAYPAL,1.0,0.28,False
2515,3516,Other,Sports,198.04,6,38.2,2023-12-26,South,Cash,4.0,548.78,False
2516,3517,Monitor,Home,121.16,16,32.0,2023-12-21,South,PAYPAL,3.0,504.94,False
2517,3518,Keyboard,Home,38.48,16,20.0,2022-09-20,North,Cash,2.0,502.31,False
2518,3519,Headphones,Home,19.45,8,4.4,2023-01-15,South,PayPal,5.0,380.22,False
2519,3520,Phone,Electronics,17.89,11,12.2,2024-08-05,East,Credit Card,4.0,232.81,False
2520,3521,Laptop,Home,23.09,11,1.9,2023-09-23,North,Credit Card,4.0,97.32,False
2521,3522,Keyboard,Food,66.03,19,2.7,2024-11-06,South,PayPal,2.0,234.87,False
2522,3523,Camera,Sports,82.75,18,4.1,2022-03-18,West,Cash,5.0,129.04,True
2523,3524,Phone,Books,257.79,8,5.6,2022-05-20,South,Cash,4.0,225.53,False
2524,3525,Keyboard,Clothing,41.73,18,7.6,2022-01-16,North,Credit Card,4.0,180.18,False
2525,3526,Camera,Sports,41.23,6,36.7,2024-07-04,North,Cash,3.0,260.25,False
2526,3527,Phone,Sports,41.03,11,36.9,2022-10-18,North,Cash,1.0,243.7,False
2527,3528,Camera,Electronics,95.67,1,30.6,2023-11-14,South,PayPal,5.0,73.37,False
2528,3529,Monitor,Home,153.84,13,4.4,2022-11-12,North,Cash,5.0,559.19,False
2529,3530,Laptop,Home,59.29,12,31.9,2024-06-29,West,Credit Card,4.0,438.97,False
2530,3531,Tablet,Sports,209.91,5,23.1,2024-06-13,North,Credit Card,1.0,250.09,False
2531,3532,Tablet,Electronics,52.47,12,15.6,2024-09-09,North,Credit Card,1.0,134.29,False
2532,3533,Tablet,Clothing,74.66,16,38.8,2023-01-28,North,PayPal,2.0,33.12,False
2533,3534,Tablet,Sports,5.77,4,15.6,2022-04-22,North,Credit Card,4.0,730.32,False
2534,3535,Tablet,Clothing,147.59,18,4.6,2023-05-24,South,Credit Card,1.0,515.46,False
2535,3536,Headphones,Books,32.29,2,40.0,2022-02-10,East,Cash,3.0,1.38,False
2536,3537,Other,Books,15.32,6,27.5,2022-10-12,East,Credit Card,2.0,204.48,False
2537,3538,Monitor,Food,21.29,2,16.0,2024-11-10,West,credit card,5.0,177.89,False
2538,3539,Keyboard,Clothing,49.01,4,6.6,2024-10-30,West,PayPal,3.0,283.33,False
2539,3540,Monitor,Home,62.89,3,19.3,2023-10-26,South,Cash,3.0,4.97,False
2540,3541,Tablet,Electronics,45.59,3,4.9,2023-10-02,East,Credit Card,3.0,25.54,False
2541,3542,Camera,Home,10.83,7,37.2,2023-06-16,South,Cash,3.0,101.17,False
2542,3543,Keyboard,Sports,96.99,6,8.0,2023-09-30,,PAYPAL,4.0,19.75,False
2543,3544,Tablet,Food,197.84,4,29.8,2023-08-02,East,PAYPAL,3.0,181.13,False
2544,3545,Camera,Clothing,40.72,11,6.1,2022-03-20,East,Credit Card,4.0,326.53,False
2545,3546,Laptop,Books,40.23,5,10.0,2024-10-25,West,Credit Card,1.0,77.25,False
2546,3547,Laptop,Sports,24.65,15,7.9,2022-01-03,West,credit card,3.0,127.13,False
2547,3548,Monitor,Clothing,44.53,6,18.7,2022-08-01,South,credit card,5.0,164.35,False
2548,3549,Other,Food,80.88,15,9.5,2023-08-03,West,Credit Card,3.0,109.65,False
2549,3550,Headphones,Home,46.37,3,1.0,2022-09-18,East,Credit Card,1.0,291.33,True
2550,3551,Tablet,Clothing,96.53,5,36.4,2024-01-29,West,PayPal,3.0,915.16,False
2551,3552,Monitor,Electronics,11.14,10,25.7,2023-04-08,East,Cash,1.0,53.2,False
2552,3553,Headphones,Sports,16.56,10,,2023-09-17,South,PayPal,2.0,290.18,False
2553,3554,Tablet,Sports,32.02,9,21.3,2024-05-04,North,PayPal,4.0,720.27,False
2554,3555,Laptop,Electronics,39.4,8,34.6,2024-11-07,North,credit card,3.0,658.06,False
2555,3556,Camera,Clothing,18.21,2,23.4,2022-05-17,North,PayPal,4.0,196.66,True
2556,3557,Keyboard,Home,103.94,18,14.3,2023-06-22,South,credit card,1.0,323.14,False
2557,3558,,Books,138.52,15,17.2,2023-11-27,South,Cash,1.0,216.27,False
2558,3559,Phone,Clothing,158.21,16,23.6,2023-03-02,West,Credit Card,5.0,3.09,True
2559,3560,Camera,Clothing,19.03,8,7.5,2022-01-08,West,Cash,3.0,55.89,False
2560,3561,Headphones,Home,38.08,8,16.9,2024-09-18,North,credit card,1.0,335.56,True
2561,3562,Laptop,Sports,57.44,11,34.7,2024-05-03,North,Cash,2.0,88.9,False
2562,3563,Phone,Sports,16.16,4,23.1,2024-10-22,North,PayPal,3.0,22.25,False
2563,3564,Keyboard,Electronics,104.58,1,36.8,2024-01-03,South,PayPal,2.0,434.49,False
2564,3565,Keyboard,Clothing,31.74,16,4.9,2023-05-18,East,Credit Card,1.0,43.19,False
2565,3566,Monitor,Sports,147.82,7,30.6,2024-11-14,East,PayPal,4.0,274.05,False
2566,3567,Phone,Sports,15.61,13,34.6,2022-07-15,West,PayPal,3.0,100.61,False
2567,3568,Phone,Sports,193.03,12,21.9,2024-08-16,South,Credit Card,1.0,278.95,False
2568,3569,Laptop,Electronics,136.88,19,23.4,2022-03-20,South,PAYPAL,5.0,36.11,False
2569,3570,Headphones,Books,145.8,17,10.3,2023-03-17,South,PayPal,4.0,298.56,False
2570,3571,Headphones,Books,30.3,12,36.0,2022-07-05,East,Credit Card,3.0,162.11,False
2571,3572,Other,Sports,21.57,7,0.2,2024-08-16,North,Cash,3.0,839.24,False
2572,3573,Keyboard,Books,44.06,19,25.6,2024-11-19,North,Cash,4.0,224.45,False
2573,3574,Monitor,Books,88.92,16,4.0,2022-03-03,South,credit card,1.0,427.39,False
2574,3575,Tablet,Sports,119.53,6,2.4,2024-10-31,West,credit card,1.0,718.28,False
2575,3576,Tablet,Sports,57.81,11,36.5,2023-09-22,North,PayPal,3.0,130.4,False
2576,3577,Keyboard,Food,21.93,7,,2022-03-08,North,Credit Card,4.0,477.17,False
2577,3578,Phone,Sports,49.08,14,21.4,2023-10-02,West,PayPal,1.0,153.27,False
2578,3579,Monitor,Home,34.15,2,21.4,2024-04-17,West,PayPal,3.0,196.95,False
2579,3580,Keyboard,Books,200.8,4,16.4,2022-11-06,North,Cash,1.0,999.73,False
2580,3581,Laptop,Food,51.6,4,32.5,2023-06-02,West,PAYPAL,3.0,137.34,False
2581,3582,,Books,30.42,4,1.7,2022-09-30,West,Credit Card,2.0,387.08,False
2582,3583,Keyboard,Food,241.34,19,28.2,2023-03-15,East,PayPal,1.0,107.87,False
2583,3584,Camera,Sports,21.81,16,37.3,2022-06-12,North,Credit Card,2.0,179.84,False
2584,3585,Phone,Home,3.85,8,0.8,2024-10-25,North,PAYPAL,3.0,71.51,False
2585,3586,Camera,Home,55.63,19,5.8,2023-01-09,South,Credit Card,5.0,3.34,False
2586,3587,Keyboard,Books,106.13,9,11.5,2023-05-02,North,PAYPAL,2.0,357.97,False
2587,3588,Monitor,Books,12.84,13,20.6,2024-04-27,East,PayPal,2.0,289.15,False
2588,3589,Other,Clothing,12.77,19,5.7,2022-12-23,South,credit card,1.0,234.71,False
2589,3590,Laptop,Books,10.12,9,34.8,2024-11-23,West,Cash,5.0,213.36,False
2590,3591,Keyboard,Sports,128.82,12,33.9,2022-10-11,East,Cash,1.0,113.08,False
2591,3592,Phone,Sports,46.71,11,38.3,2024-07-22,South,credit card,2.0,893.58,False
2592,3593,Phone,Home,296.96,3,11.9,2022-11-24,South,Cash,2.0,84.39,False
2593,3594,Keyboard,Food,35.67,14,23.0,2023-12-28,West,PayPal,1.0,81.9,False
2594,3595,Phone,Books,55.68,14,5.6,2023-01-08,West,PayPal,4.0,165.97,False
2595,3596,Camera,Sports,,1,33.3,2023-01-09,North,Credit Card,3.0,387.67,False
2596,3597,Phone,Books,39.58,1,13.4,2024-07-18,South,credit card,2.0,159.99,False
2597,3598,Laptop,Electronics,63.02,10,5.1,2024-11-26,,Credit Card,1.0,174.87,False
2598,3599,Camera,Books,39.07,14,30.0,2023-05-08,South,credit card,4.0,240.87,False
2599,3600,Phone,Clothing,80.31,12,36.0,2023-02-25,North,PayPal,5.0,53.7,True
2600,3601,Laptop,Electronics,144.1,16,35.2,2023-04-08,East,Cash,1.0,44.12,False
2601,3602,Laptop,Food,61.76,18,4.7,2023-08-29,South,PayPal,5.0,45.24,False
2602,3603,Phone,Electronics,124.66,15,31.9,2024-09-21,West,PAYPAL,4.0,40.13,False
2603,3604,Monitor,Electronics,37.2,8,8.6,2024-04-12,North,Cash,4.0,122.16,True
2604,3605,Camera,Books,164.33,9,19.2,2023-02-06,West,credit card,4.0,91.29,True
2605,3606,Monitor,Clothing,79.69,17,5.8,2022-09-18,North,Credit Card,5.0,413.53,False
2606,3607,Laptop,Books,24.32,10,1.4,2022-06-23,West,Credit Card,1.0,406.82,False
2607,3608,Other,Home,78.01,15,19.1,2023-08-01,West,PayPal,5.0,366.12,True
2608,3609,Monitor,Home,73.08,7,36.6,2022-11-23,East,Cash,4.0,520.9,False
2609,3610,Camera,Electronics,62.86,17,31.7,2022-07-01,North,PayPal,3.0,590.6,False
2610,3611,Laptop,Food,17.4,12,3.7,2024-09-08,North,credit card,4.0,164.0,False
2611,3612,Phone,Books,309.82,19,0.4,2024-09-19,North,Cash,5.0,539.4,False
2612,3613,Camera,Clothing,5.41,7,16.5,2023-11-20,West,Credit Card,2.0,238.52,False
2613,3614,Phone,Sports,29.29,2,27.3,2022-11-10,North,PAYPAL,3.0,572.54,False
2614,3615,Tablet,Home,29.44,16,38.9,2022-03-02,South,PayPal,1.0,30.48,False
2615,3616,Monitor,Electronics,116.64,11,12.8,2023-01-25,West,Credit Card,3.0,269.91,False
2616,3617,Camera,Electronics,51.31,9,16.4,2024-12-13,South,PAYPAL,2.0,130.05,False
2617,3618,Phone,Clothing,54.07,3,27.2,2024-05-26,North,Credit Card,4.0,49.26,False
2618,3619,Tablet,Books,31.09,17,25.4,2024-03-03,West,Cash,3.0,43.88,False
2619,3620,Headphones,Electronics,287.03,19,4.7,2022-02-09,East,credit card,1.0,9.27,False
2620,3621,Phone,Home,25.03,19,26.9,2022-07-22,North,PayPal,5.0,497.59,True
2621,3622,Other,Sports,14843.719370659523,7,15.4,2023-06-08,East,credit card,2.0,349.34,False
2622,3623,Keyboard,Electronics,30.26,4,15.6,2024-11-10,South,credit card,3.0,161.16,False
2623,3624,Tablet,Food,43.47,8,27.5,2023-10-20,North,PAYPAL,1.0,43.89,False
2624,3625,Tablet,Books,71.6,7,37.9,2022-09-03,East,Cash,3.0,94.29,False
2625,3626,Keyboard,Food,35.38,13,0.0,2022-04-25,West,Cash,4.0,284.25,False
2626,3627,Monitor,Clothing,65.55,19,15.4,2024-02-16,South,credit card,1.0,136.52,False
2627,3628,Laptop,Clothing,6.94,12,15.4,2022-04-24,South,Credit Card,3.0,48.64,False
2628,3629,Laptop,Clothing,88.25,6,14.9,2023-11-18,South,Credit Card,3.0,144.3,False
2629,3630,Keyboard,Clothing,28.03,12,20.5,2023-09-27,West,PayPal,2.0,24.65,False
2630,3631,Headphones,Electronics,44297.93782277377,16,31.1,2024-06-30,North,PayPal,2.0,590.6,False
2631,3632,Camera,Sports,20.6,11,2.8,2024-04-16,North,Cash,1.0,1.15,True
2632,3633,,Clothing,91.78,11,33.2,2023-03-04,West,Cash,2.0,1175.29,False
2633,3634,Keyboard,Home,5.09,15,23.5,2023-12-08,West,PayPal,5.0,45.09,False
2634,3635,Keyboard,Sports,21.76,14,26.5,2024-12-05,South,Cash,1.0,629.87,False
2635,3636,Tablet,Clothing,49.74,3,37.2,2022-11-10,South,Credit Card,4.0,569.42,False
2636,3637,Tablet,Clothing,85.34,11,0.8,2023-04-12,East,PayPal,3.0,600.21,False
2637,3638,Monitor,Clothing,61.01,19,38.5,2023-12-12,South,PayPal,3.0,90.98,False
2638,3639,Camera,Home,19.97,12,31.2,2024-07-22,East,Credit Card,2.0,832.0,False
2639,3640,Headphones,Home,123.08,3,15.3,2023-09-01,South,Credit Card,3.0,101.12,True
2640,3641,Other,Books,45.05,19,2.0,2022-07-04,South,PayPal,2.0,391.48,False
2641,3642,Laptop,Books,25399.463322003045,15,32.7,2024-06-10,West,credit card,3.0,57.56,False
2642,3643,Other,Books,45.67,19,24.8,2022-07-15,South,Credit Card,5.0,238.42,False
2643,3644,Phone,Electronics,26.78,16,26.3,2022-08-09,East,Cash,2.0,963.34,False
2644,3645,Headphones,Clothing,17.25,7,23.7,2023-05-12,North,credit card,1.0,647.37,True
2645,3646,Laptop,Books,12.7,17,29.6,2023-04-10,East,Credit Card,1.0,366.65,False
2646,3647,Monitor,Books,62.28,11,10.9,2023-07-12,North,PAYPAL,4.0,167.54,False
2647,3648,Monitor,Electronics,48.96,8,5.3,2024-05-14,South,credit card,1.0,94.63,False
2648,3649,Monitor,Clothing,150.55,14,15.6,2022-05-06,East,PayPal,1.0,391.54,False
2649,3650,Camera,Clothing,18.76,10,22.8,2024-01-13,North,Credit Card,3.0,744.57,False
2650,3651,Tablet,Books,6.34,12,8.6,2022-10-03,West,Credit Card,4.0,936.57,False
2651,3652,Camera,Food,26.39,6,8.9,2023-05-11,East,Credit Card,2.0,297.42,False
2652,3653,Camera,Food,15.07,3,10.3,2022-07-02,West,Credit Card,5.0,185.91,False
2653,3654,Keyboard,Books,467.9,5,16.5,2022-06-16,West,PAYPAL,4.0,241.99,False
2654,3655,Laptop,Books,28.75,18,9.6,2022-11-15,North,PayPal,1.0,847.7,False
2655,3656,Laptop,Clothing,88.26,14,16.4,2023-06-21,North,PAYPAL,5.0,109.84,False
2656,3657,Headphones,Sports,7.39,11,10.3,2023-06-07,South,PayPal,4.0,316.75,True
2657,3658,Camera,Books,18.4,5,0.4,2024-12-22,South,credit card,3.0,17.37,False
2658,3659,Keyboard,Books,131.07,10,27.7,2023-01-23,East,PAYPAL,1.0,21.49,False
2659,3660,Keyboard,Food,83.71,16,8.4,2022-08-24,North,Cash,2.0,153.3,True
2660,3661,Headphones,Food,44.74,17,2.6,2024-05-01,East,Cash,4.0,326.18,False
2661,3662,Monitor,Books,23.93,19,35.3,2022-02-24,West,Credit Card,2.0,569.2,False
2662,3663,Tablet,Electronics,18.1,8,14.0,2022-04-02,North,Cash,3.0,224.08,False
2663,3664,Keyboard,Food,103.46,16,15.0,2024-06-16,South,Credit Card,2.0,271.8,True
2664,3665,Laptop,Clothing,83.78,16,6.0,2022-11-14,South,PayPal,2.0,19.11,False
2665,3666,Keyboard,Home,45.38,7,2.4,2023-06-30,North,PayPal,1.0,234.57,False
2666,3667,Keyboard,Electronics,13.31,9,36.3,2024-10-19,South,PAYPAL,5.0,676.94,False
2667,3668,Keyboard,Food,49.8,5,0.6,2024-11-12,South,Credit Card,5.0,222.71,False
2668,3669,Keyboard,Electronics,121.32,4,16.1,2023-06-16,South,Cash,3.0,5.78,False
2669,3670,Phone,Food,6.21,12,25.9,2024-08-06,North,PAYPAL,4.0,390.8,False
2670,3671,Phone,Home,23306.464102077305,5,19.7,2022-09-17,South,Credit Card,1.0,83.0,True
2671,3672,Keyboard,Food,54.94,12,4.3,2023-07-05,South,Credit Card,3.0,140.82,False
2672,3673,Laptop,Sports,32.26,15,15.3,2024-12-19,East,Cash,1.0,1156.62,False
2673,3674,Tablet,Home,15.48,12,9.3,2023-06-25,South,Credit Card,4.0,329.05,False
2674,3675,Monitor,Sports,33.95,19,13.7,2022-04-05,South,Credit Card,3.0,12.34,False
2675,3676,Tablet,Sports,278.9,8,6.4,2024-07-09,West,credit card,5.0,148.36,False
2676,3677,Keyboard,Home,107.74,5,9.9,2024-05-04,East,credit card,2.0,35.56,False
2677,3678,Headphones,Clothing,41.33,9,2.4,2024-02-06,East,Credit Card,3.0,158.88,False
2678,3679,Tablet,Electronics,61.34,6,0.3,2023-03-03,West,Credit Card,2.0,96.37,False
2679,3680,Headphones,Clothing,28.01,9,0.5,2024-07-20,West,Credit Card,1.0,379.83,False
2680,3681,Camera,Clothing,170.4,12,4.3,2022-06-01,West,Credit Card,3.0,1526.22,False
2681,3682,Camera,Books,8.37,6,15.5,2024-02-22,South,Credit Card,3.0,300.29,False
2682,3683,Tablet,Books,13.6,11,35.8,2023-02-01,West,Credit Card,2.0,,False
2683,3684,Keyboard,Sports,80.2,18,8.7,2022-12-01,West,credit card,3.0,560.88,False
2684,3685,Camera,Home,151.76,17,5.6,2022-07-09,East,Cash,5.0,230.62,False
2685,3686,Camera,Electronics,,18,25.4,2023-04-02,North,Credit Card,1.0,369.77,False
2686,3687,Other,Clothing,94.89,1,34.4,2022-09-15,East,Cash,4.0,329.5,False
2687,3688,Camera,Home,22.5,9,29.1,2022-04-24,East,PAYPAL,3.0,291.71,True
2688,3689,Keyboard,Electronics,46.2,2,10.6,2023-07-01,North,credit card,1.0,263.45,False
2689,3690,Headphones,Clothing,29.56,6,5.0,2024-07-11,South,Cash,2.0,318.48,False
2690,3691,Laptop,Food,303.66,5,22.9,2023-08-21,West,Cash,3.0,201.64,False
2691,3692,Monitor,Clothing,64.65,3,28.4,2022-07-31,West,Credit Card,3.0,45.38,False
2692,3693,Tablet,Food,41.15,5,14.3,2023-06-03,North,PayPal,3.0,290.49,False
2693,3694,Camera,Books,51.06,12,38.4,2022-05-16,West,credit card,4.0,88.01,False
2694,3695,Headphones,Home,192.74,13,6.2,2023-10-03,North,credit card,2.0,144.08,True
2695,3696,Laptop,Sports,87.51,6,9.5,2023-01-23,North,Cash,1.0,240.09,False
2696,3697,Phone,Sports,17.95,12,36.9,2022-09-01,West,PayPal,2.0,810.07,True
2697,3698,Tablet,Home,14.11,16,8.2,2022-03-28,South,Cash,3.0,364.37,False
2698,3699,Phone,Food,8.1,1,6.8,2024-09-21,East,Cash,5.0,22.02,False
2699,3700,Headphones,Clothing,67.76,9,12.0,2023-02-28,South,credit card,1.0,491.13,False
2700,3701,Monitor,Home,53.42,11,6.3,2022-07-03,West,Cash,1.0,233.57,False
2701,3702,Keyboard,Home,14.3,17,8.3,2024-08-25,South,Cash,5.0,66.52,False
2702,3703,Laptop,Clothing,18.72,17,16.5,2024-11-27,West,PAYPAL,3.0,991.42,False
2703,3704,Phone,Electronics,99.89,4,39.1,2024-05-15,East,Credit Card,4.0,272.21,False
2704,3705,Keyboard,Electronics,27.95,17,37.3,2023-12-01,South,PayPal,2.0,487.58,False
2705,3706,Keyboard,Sports,14.64,17,7.9,2024-10-08,West,Credit Card,5.0,429.33,False
2706,3707,Laptop,Books,97.46,18,21.1,2024-04-15,East,Credit Card,1.0,227.29,False
2707,3708,Camera,Clothing,41.82,17,7.2,2023-04-19,South,credit card,1.0,11.68,False
2708,3709,Keyboard,Clothing,22.89,1,28.5,2024-09-09,South,credit card,5.0,36.36,False
2709,3710,Monitor,Clothing,36.54,8,,2023-09-19,East,credit card,2.0,510.66,False
2710,3711,Phone,Sports,47.36,13,5.3,2022-06-28,North,credit card,4.0,1184.42,False
2711,3712,Headphones,Books,76.03,19,6.7,2022-07-29,,Cash,1.0,286.74,True
2712,3713,Headphones,Books,23.15,9,20.8,2024-06-20,East,Credit Card,5.0,274.04,False
2713,3714,Laptop,Sports,78.53,16,35.4,2024-11-15,East,PayPal,3.0,1252.14,False
2714,3715,Camera,Clothing,30.88,3,34.7,2023-09-11,South,PayPal,1.0,330.93,False
2715,3716,Camera,Clothing,77.93,2,20.2,2024-08-17,South,Credit Card,1.0,26.08,False
2716,3717,Keyboard,Clothing,79.46,11,15.1,2023-10-10,East,Credit Card,4.0,31.81,False
2717,3718,Monitor,Home,402.94,16,0.3,2024-01-07,South,Cash,5.0,15.34,False
2718,3719,Camera,Sports,154.35,4,35.5,2024-07-09,North,Credit Card,4.0,16.67,True
2719,3720,Tablet,Books,70.05,12,13.9,2022-02-27,West,Credit Card,4.0,264.26,False
2720,3721,Monitor,Clothing,41.95,1,5.6,2023-07-27,West,PAYPAL,2.0,450.25,False
2721,3722,Phone,Sports,183.82,1,1.8,2024-09-12,South,Cash,1.0,80.23,False
2722,3723,Tablet,Books,35.45,8,2.4,2024-01-15,North,Credit Card,5.0,531.03,False
2723,3724,Headphones,Books,24.86,14,15.7,2022-08-30,North,Credit Card,3.0,166.89,False
2724,3725,Other,Home,37.83,18,18.2,2022-10-21,East,Cash,4.0,374.33,False
2725,3726,Keyboard,Home,128.94,6,33.0,2023-09-28,North,PayPal,5.0,89.41,False
2726,3727,Camera,Clothing,43.92,10,28.0,2024-08-18,West,Credit Card,1.0,188.54,False
2727,3728,Phone,Clothing,12.98,7,9.8,2023-01-20,North,Credit Card,1.0,100.69,False
2728,3729,Monitor,Clothing,182.38,18,4.3,2024-08-06,West,Credit Card,4.0,275.79,False
2729,3730,Laptop,Books,21.25,16,22.2,2023-09-12,South,PayPal,4.0,7.78,False
2730,3731,Phone,Sports,70.57,6,21.7,2022-12-03,East,Cash,4.0,593.05,False
2731,3732,Tablet,Food,54.19,16,12.6,2022-11-16,West,Credit Card,2.0,57.12,False
2732,3733,Laptop,Books,14.64,8,21.3,2024-06-18,West,credit card,5.0,597.21,False
2733,3734,Phone,Clothing,284.62,9,15.0,2023-10-29,East,PayPal,5.0,58.73,False
2734,3735,Tablet,Books,40.69,1,35.6,2023-01-03,South,PayPal,5.0,273.83,False
2735,3736,Laptop,Electronics,177.76,12,31.3,2022-07-25,South,PayPal,3.0,455.76,True
2736,3737,Laptop,Sports,42.48,4,27.4,2023-07-29,West,PAYPAL,2.0,26.28,True
2737,3738,Headphones,Books,27.27,11,3.5,2023-07-22,West,Credit Card,2.0,651.3,False
2738,3739,Keyboard,Clothing,20.29,10,2.4,2024-05-16,North,PayPal,2.0,334.64,False
2739,3740,Monitor,Clothing,19.47,12,29.0,2023-09-01,West,PAYPAL,2.0,188.49,False
2740,3741,Phone,Clothing,15.97,8,29.9,2022-06-23,South,Credit Card,4.0,87.59,True
2741,3742,Monitor,Books,21.87,4,23.3,2022-10-11,North,Credit Card,1.0,2.84,False
2742,3743,Keyboard,Books,52.97,10,7.2,2023-08-20,South,Cash,2.0,276.48,False
2743,3744,Tablet,Food,30.6,9,33.2,2023-09-23,South,PayPal,4.0,10.3,False
2744,3745,Keyboard,Electronics,5.01,8,2.5,2023-11-07,West,Credit Card,5.0,50.21,False
2745,3746,Headphones,Food,45.07,6,22.4,2024-03-15,South,Cash,5.0,501.41,False
2746,3747,Phone,Sports,58.82,10,26.3,2023-02-23,East,PayPal,5.0,782.33,False
2747,3748,Camera,Sports,329.03,13,14.0,2024-01-25,South,Credit Card,2.0,840.35,False
2748,3749,Keyboard,Home,294.51,17,28.9,2022-11-08,East,PAYPAL,1.0,192.45,False
2749,3750,Monitor,Books,55.56,8,24.0,2023-08-03,East,PayPal,,334.5,False
2750,3751,Phone,Electronics,51.14,18,11.7,2024-02-10,West,Cash,5.0,484.12,True
2751,3752,Phone,Sports,90.73,1,19.2,2024-12-31,East,Credit Card,2.0,260.18,False
2752,3753,Headphones,Electronics,116.79,4,7.5,2023-08-28,East,credit card,5.0,224.25,False
2753,3754,Keyboard,Clothing,43.45,1,26.8,2023-08-12,South,Credit Card,3.0,201.75,False
2754,3755,Laptop,Food,549.83,16,7.4,2024-06-08,West,Cash,1.0,176.35,True
2755,3756,Tablet,Sports,127.44,7,2.9,2022-07-08,South,PayPal,5.0,312.39,False
2756,3757,Laptop,Sports,273.93,3,22.5,2024-08-14,West,credit card,4.0,299.57,False
2757,3758,Laptop,Clothing,67.36,18,37.1,2024-05-14,East,Cash,3.0,1090.66,False
2758,3759,Laptop,Electronics,51.17,1,40.0,2023-04-08,West,Credit Card,2.0,,False
2759,3760,Monitor,Food,44.04,4,32.8,2022-06-21,East,Cash,1.0,239.6,True
2760,3761,Phone,Books,23.33,17,25.3,2022-12-10,North,Credit Card,2.0,158.37,False
2761,3762,Other,Food,34.57,18,25.7,2024-06-20,South,Cash,3.0,198.31,False
2762,3763,Tablet,Books,31.54,5,32.2,2023-04-22,East,PayPal,2.0,774.53,True
2763,3764,Camera,Sports,314.12,12,3.6,2022-12-16,East,Credit Card,3.0,200.78,False
2764,3765,Laptop,Home,,9,23.4,2022-05-28,East,PayPal,1.0,288.73,False
2765,3766,Other,Books,24.45,18,29.4,2024-12-22,West,Cash,4.0,630.4,False
2766,3767,Camera,Sports,54.83,16,34.6,2024-01-08,West,Cash,1.0,54.62,False
2767,3768,Phone,Home,39.38,5,5.8,2023-12-21,East,credit card,4.0,52.57,True
2768,3769,Phone,Electronics,33.74,4,37.3,2023-02-15,East,Credit Card,1.0,74.24,False
2769,3770,Laptop,Electronics,72.6,9,12.3,2023-11-06,West,Credit Card,4.0,195.09,False
2770,3771,Laptop,Books,27.2,12,22.2,2022-07-24,North,PayPal,4.0,424.88,False
2771,3772,Headphones,Electronics,37.0,15,34.3,2024-05-31,South,PAYPAL,4.0,503.3,False
2772,3773,Phone,Home,38.68,2,18.3,2023-12-27,East,Cash,4.0,566.8,False
2773,3774,Camera,Food,112.11,17,30.7,2023-03-18,East,credit card,2.0,800.88,False
2774,3775,Laptop,Clothing,71.27,12,0.0,2023-01-04,East,Cash,1.0,1838.61,False
2775,3776,Tablet,Home,136.57,1,23.6,2022-05-20,North,Cash,2.0,124.0,False
2776,3777,Headphones,Sports,56.32,16,13.8,2024-02-09,East,PayPal,3.0,104.96,False
2777,3778,Keyboard,Food,405.38,2,20.9,2024-02-09,North,PAYPAL,1.0,70.66,False
2778,3779,Monitor,Clothing,86.32,5,22.1,2024-09-23,West,Credit Card,2.0,176.91,False
2779,3780,Other,Clothing,89.86,13,,2024-11-19,East,Credit Card,2.0,1190.44,False
2780,3781,Phone,Home,59.94,8,16.3,2023-08-16,South,Credit Card,3.0,115.17,False
2781,3782,Tablet,Electronics,44.44,11,6.7,2024-01-16,West,PAYPAL,5.0,23.37,False
2782,3783,Monitor,Clothing,7.93,4,11.5,2024-01-04,East,Credit Card,3.0,687.33,False
2783,3784,Phone,Books,46.24,7,5.2,2024-01-15,East,Credit Card,4.0,287.86,False
2784,3785,Phone,Clothing,39.2,4,17.4,2024-06-08,North,PAYPAL,1.0,908.81,False
2785,3786,Tablet,Sports,15.12,15,39.6,2024-02-13,East,Credit Card,2.0,5.74,False
2786,3787,Laptop,Clothing,61.24,17,23.2,2023-10-19,South,PAYPAL,2.0,119.1,False
2787,3788,Monitor,Sports,181.99,11,35.9,2024-11-26,North,Credit Card,2.0,15.0,False
2788,3789,Keyboard,Clothing,94.73,9,17.9,2023-01-21,South,Credit Card,5.0,212.72,False
2789,3790,Headphones,Food,388.53,8,29.0,2024-09-27,North,Cash,5.0,50.81,False
2790,3791,Phone,Clothing,24.17,17,36.4,2024-05-19,South,PayPal,4.0,1508.7,False
2791,3792,Keyboard,Clothing,21.04,12,,2023-03-08,West,PAYPAL,1.0,903.53,True
2792,3793,Other,Home,68.23,1,33.4,2022-12-27,West,Credit Card,4.0,421.56,False
2793,3794,Laptop,Clothing,136.38,11,15.7,2023-10-01,South,Credit Card,2.0,385.31,False
2794,3795,Laptop,Food,127.98,19,7.1,2023-10-28,South,Credit Card,4.0,639.72,False
2795,3796,Tablet,Clothing,26.06,3,21.1,2022-03-08,South,Credit Card,5.0,55.14,False
2796,3797,Laptop,Books,51.14,13,17.3,2024-06-14,East,PAYPAL,4.0,161.25,True
2797,3798,Monitor,Home,64.7,3,34.5,2022-08-09,South,PayPal,2.0,263.18,False
2798,3799,Tablet,Electronics,82.3,5,27.7,2023-09-28,East,PayPal,3.0,25.84,False
2799,3800,Tablet,Books,23.48,17,32.7,2024-06-25,West,Cash,5.0,126.26,False
2800,3801,Phone,Electronics,71.01,8,21.2,2023-09-09,North,PayPal,4.0,136.09,False
2801,3802,Monitor,Clothing,142.46,7,5.1,2023-08-30,North,credit card,2.0,140.85,False
2802,3803,Phone,Food,299.26,5,6.7,2024-08-15,East,Cash,3.0,525.45,False
2803,3804,Keyboard,Books,2.76,18,12.9,2022-12-02,South,credit card,5.0,36.2,True
2804,3805,Phone,Sports,180.4,14,15.9,2022-05-30,South,PayPal,2.0,971.25,False
2805,3806,Camera,Home,149.57,19,33.8,2022-01-21,West,PayPal,5.0,672.51,False
2806,3807,Camera,Clothing,52.49,5,34.0,2024-01-05,South,Cash,5.0,612.23,False
2807,3808,Headphones,Books,16.25,19,14.1,2024-05-26,North,PayPal,1.0,22.36,False
2808,3809,Keyboard,Clothing,117.55,14,6.0,2024-11-11,West,Credit Card,,539.33,False
2809,3810,Phone,Food,171.98,18,25.6,2022-10-16,North,Cash,5.0,370.52,False
2810,3811,Keyboard,Clothing,32.25,10,39.6,2022-04-13,East,Credit Card,4.0,35.48,False
2811,3812,Phone,Books,178.38,3,2.9,2024-02-17,West,Credit Card,4.0,198.47,False
2812,3813,Phone,Books,20.48,14,1.6,2022-06-01,North,Credit Card,5.0,474.59,False
2813,3814,Keyboard,Books,80.34,17,25.5,2023-09-05,West,Credit Card,1.0,,False
2814,3815,Camera,Sports,17.47,6,35.9,2024-02-19,South,Credit Card,5.0,21.04,False
2815,3816,Tablet,Electronics,47.66,10,3.1,2024-02-08,North,Credit Card,4.0,395.32,False
2816,3817,Camera,Food,83.21,2,14.3,2023-09-09,North,Credit Card,2.0,162.81,False
2817,3818,Phone,Food,43.2,14,34.1,2024-01-18,East,Credit Card,5.0,69.07,False
2818,3819,Monitor,Sports,364.22,5,5.2,2022-11-08,North,PayPal,5.0,75.3,False
2819,3820,Monitor,Home,40.68,13,11.3,2024-06-29,South,Credit Card,5.0,781.74,False
2820,3821,Headphones,Electronics,36.65,5,18.2,2022-05-02,North,PayPal,5.0,350.5,False
2821,3822,Tablet,Home,31281.542660076368,15,22.1,2023-02-07,North,credit card,5.0,294.76,True
2822,3823,Monitor,Home,50.37,4,6.7,2023-01-31,West,Cash,3.0,77.18,False
2823,3824,Phone,Sports,43.97,12,15.9,2022-11-06,North,credit card,4.0,245.64,False
2824,3825,Keyboard,Home,75.88,2,21.2,2022-09-30,East,credit card,,466.14,False
2825,3826,Monitor,Food,82.74,2,34.7,2024-04-19,East,credit card,3.0,43.64,False
2826,3827,Camera,Home,11.8,500,39.2,2023-12-05,South,Cash,1.0,59.01,False
2827,3828,Monitor,Electronics,258.06,13,33.2,2022-07-07,West,Cash,3.0,85.93,False
2828,3829,Tablet,Food,8.01,9,12.7,2024-01-30,South,credit card,4.0,167.89,False
2829,3830,Monitor,Sports,49.67,12,8.4,2023-03-19,East,PayPal,4.0,400.68,False
2830,3831,Headphones,Electronics,3.79,16,9.4,2022-03-30,East,PAYPAL,2.0,41.01,False
2831,3832,Keyboard,Electronics,19.36,5,18.0,2022-01-26,South,Credit Card,,25.9,False
2832,3833,Laptop,Sports,27.98,4,21.3,2022-10-15,South,PayPal,2.0,159.47,False
2833,3834,Keyboard,Books,211.38,4,34.5,2022-03-16,West,Cash,4.0,28.67,False
2834,3835,Monitor,Home,17.96,8,35.6,2023-05-16,East,PayPal,2.0,454.08,True
2835,3836,Camera,Food,111.31,3,35.0,2022-04-14,South,PayPal,1.0,1617.02,False
2836,3837,Laptop,Food,246.23,16,19.3,2022-02-03,East,Credit Card,2.0,104.03,False
2837,3838,Keyboard,Food,52.7,8,8.2,2022-03-03,South,Cash,2.0,418.52,True
2838,3839,Camera,Home,838.74,4,35.0,2024-06-06,South,PayPal,5.0,1098.16,False
2839,3840,Camera,Sports,139.66,1,36.8,2024-06-23,South,Credit Card,5.0,104.99,True
2840,3841,Monitor,Sports,65.19,18,0.8,2022-05-06,North,PayPal,3.0,138.2,False
2841,3842,Phone,Sports,82.24,8,11.0,2023-07-04,South,credit card,3.0,480.93,False
2842,3843,Laptop,Sports,86.89,2,20.7,2022-07-15,East,PayPal,3.0,251.89,False
2843,3844,Other,Clothing,103.66,16,16.1,2024-03-23,West,Cash,5.0,343.37,False
2844,3845,Laptop,Clothing,28.48,3,20.8,2022-11-05,North,Cash,4.0,96.77,False
2845,3846,Phone,Electronics,50.37,17,8.3,2024-05-28,West,PayPal,2.0,312.75,False
2846,3847,Laptop,Books,96.39,7,37.3,2024-04-06,North,Cash,2.0,790.8,False
2847,3848,Camera,Books,167.55,3,,2023-12-30,South,Credit Card,5.0,37.87,False
2848,3849,Tablet,Food,162.24,3,10.5,2024-04-18,South,Cash,2.0,0.77,False
2849,3850,Keyboard,Clothing,6.03,8,2.9,2024-12-09,South,Credit Card,1.0,1183.4,False
2850,3851,Phone,Clothing,37308.58940355682,17,,2023-06-09,East,PAYPAL,3.0,190.0,False
2851,3852,Phone,Electronics,20.05,4,1.5,2024-06-29,North,PayPal,2.0,997.48,False
2852,3853,Monitor,Food,28.09,8,5.8,2022-12-17,North,PayPal,4.0,53.82,False
2853,3854,Phone,Electronics,77.85,9,37.5,2024-04-02,South,credit card,5.0,284.54,True
2854,3855,Monitor,Electronics,88.03,8,30.4,2024-07-05,South,credit card,2.0,200.65,True
2855,3856,Headphones,Sports,15.51,14,31.7,2024-12-12,West,Cash,1.0,165.76,True
2856,3857,Camera,Electronics,3.26,9,30.1,2022-10-29,South,Cash,3.0,495.11,False
2857,3858,Laptop,Food,61.32,11,35.9,2024-01-04,North,credit card,4.0,303.32,False
2858,3859,Laptop,Sports,104.27,2,6.7,2022-03-13,North,Credit Card,5.0,648.83,False
2859,3860,Laptop,Clothing,62.22,9,10.9,2022-07-05,North,Credit Card,5.0,24.16,False
2860,3861,Keyboard,Home,44.12,13,23.5,2023-08-12,North,Credit Card,3.0,372.47,False
2861,3862,Phone,Books,32.15,2,35.7,2023-04-12,East,PayPal,1.0,7.84,False
2862,3863,Headphones,Electronics,19.51,4,25.2,2023-01-09,South,Cash,2.0,30.04,False
2863,3864,Camera,Electronics,71.04,2,12.2,2023-04-14,North,credit card,2.0,858.97,False
2864,3865,Laptop,Food,381.53,8,11.8,2022-05-10,North,PayPal,1.0,423.34,False
2865,3866,Monitor,Food,35.1,1,20.0,2023-08-30,East,PayPal,2.0,53.08,False
2866,3867,Headphones,Home,79.77,18,32.2,2023-06-23,East,PayPal,4.0,277.14,False
2867,3868,Tablet,Food,35.74,19,25.3,2022-01-19,South,PayPal,1.0,200.61,False
2868,3869,Phone,Home,10.7,15,28.0,2024-04-28,East,Cash,5.0,141.62,False
2869,3870,Headphones,Home,41.77,12,39.4,2024-07-18,South,credit card,5.0,0.45,False
2870,3871,Tablet,Food,54.31,3,4.0,2023-02-13,West,PAYPAL,2.0,324.84,False
2871,3872,Monitor,Sports,110.68,12,29.3,2023-09-22,East,credit card,4.0,379.1,True
2872,3873,Other,Clothing,55.66,16,29.9,2023-01-16,North,Credit Card,1.0,109.37,False
2873,3874,Tablet,Food,19.91,11,36.2,2024-09-03,North,PayPal,3.0,159.45,False
2874,3875,Headphones,Home,7.6,11,12.1,2024-12-22,East,PAYPAL,5.0,225.11,False
2875,3876,Monitor,Books,233.28,5,4.4,2023-10-07,North,PayPal,1.0,9.81,False
2876,3877,Monitor,Electronics,229.25,7,7.2,2022-05-29,South,Credit Card,2.0,3.96,False
2877,3878,Phone,Food,37758.70919452768,13,33.5,2023-03-28,North,Cash,2.0,31.85,False
2878,3879,,Clothing,21.53,17,31.1,2024-12-22,East,credit card,2.0,98.36,False
2879,3880,Other,Books,31.14,6,4.3,2023-12-08,East,credit card,3.0,1292.96,False
2880,3881,Keyboard,Electronics,120.94,15,29.5,2024-09-29,East,PayPal,5.0,22.49,False
2881,3882,Tablet,Clothing,88.61,2,9.4,2022-03-19,West,Cash,4.0,275.52,False
2882,3883,Keyboard,Electronics,6.78,4,8.4,2023-12-18,North,Cash,4.0,785.4,False
2883,3884,Phone,Sports,41.0,3,3.3,2022-09-26,West,credit card,1.0,514.18,False
2884,3885,Tablet,Books,112.41,18,15.1,2022-01-03,West,PAYPAL,5.0,140.48,False
2885,3886,Tablet,Food,34.62,10,23.3,2024-06-28,North,PayPal,3.0,164.27,False
2886,3887,Tablet,Sports,93.99,7,13.2,2024-10-24,East,PayPal,5.0,246.71,False
2887,3888,Camera,Sports,84.11,8,25.2,2023-10-11,South,Credit Card,3.0,53.5,True
2888,3889,Camera,Sports,64.08,1,21.0,2023-09-19,East,PayPal,5.0,595.53,False
2889,3890,Tablet,Books,157.57,11,28.3,2022-07-31,North,Credit Card,3.0,245.51,False
2890,3891,Other,Electronics,44.02,14,12.5,2024-04-22,West,credit card,1.0,349.51,True
2891,3892,Tablet,Food,144.6,1,6.4,2024-08-15,North,Credit Card,2.0,144.19,False
2892,3893,Monitor,Books,112.8,2,26.2,2024-06-29,East,Credit Card,3.0,58.77,False
2893,3894,Tablet,Sports,34.1,17,25.3,2023-02-27,South,Credit Card,2.0,38.45,True
2894,3895,Camera,Food,51.24,13,37.4,2022-01-06,North,Credit Card,3.0,484.32,False
2895,3896,Camera,Food,178.91,19,6.5,2022-08-25,South,Cash,1.0,1397.21,False
2896,3897,Laptop,Home,320.73,6,6.3,2023-07-18,East,credit card,5.0,44.3,False
2897,3898,Tablet,Food,73.22,7,25.8,2024-12-28,North,Credit Card,4.0,16.63,False
2898,3899,Other,Food,110.67,10,25.4,2024-07-17,North,Credit Card,4.0,24.75,False
2899,3900,Camera,Electronics,101.95,17,2.2,2022-04-30,East,Cash,3.0,99.11,False
2900,3901,Tablet,Home,97.37,18,9.9,2023-08-14,East,credit card,3.0,230.12,True
2901,3902,Tablet,Electronics,19.39,4,34.9,2022-10-09,South,credit card,1.0,197.0,False
2902,3903,Keyboard,Sports,59.25,17,27.8,2022-08-30,,PayPal,1.0,349.36,False
2903,3904,Headphones,Electronics,49.9,1,23.2,2022-05-21,South,credit card,3.0,74.36,False
2904,3905,Tablet,Home,28.36,16,23.0,2024-09-27,West,Cash,4.0,29.46,False
2905,3906,Other,Electronics,25.96,12,15.2,2024-12-25,North,PayPal,1.0,906.78,False
2906,3907,Keyboard,Electronics,61.85,6,37.4,2022-12-26,West,credit card,1.0,,True
2907,3908,Phone,Books,445.99,11,25.5,2022-07-17,South,Cash,2.0,281.73,False
2908,3909,Monitor,Food,82.75,9,10.6,2022-04-07,North,Credit Card,4.0,435.72,False
2909,3910,Phone,Clothing,21.34,14,29.2,2022-04-07,South,PAYPAL,1.0,290.85,False
2910,3911,Tablet,Home,6.23,10,14.8,2024-07-01,South,Credit Card,3.0,545.65,False
2911,3912,Camera,Sports,143.9,2,13.4,2022-01-04,East,PayPal,2.0,902.12,False
2912,3913,Laptop,Electronics,115.27,13,13.4,2023-02-25,North,PayPal,3.0,448.13,False
2913,3914,Phone,Clothing,50.55,18,8.6,2023-09-27,South,PAYPAL,2.0,155.97,False
2914,3915,Phone,Books,13.38,1,32.4,2023-04-13,West,PAYPAL,5.0,502.12,False
2915,3916,Keyboard,Sports,440.4,3,10.8,2024-09-21,West,credit card,1.0,49.58,False
2916,3917,Other,Books,35.89,18,3.1,2023-06-08,South,PayPal,2.0,34.28,False
2917,3918,Phone,Clothing,102.15,11,10.0,2024-09-22,West,Cash,5.0,222.07,False
2918,3919,Phone,Clothing,91.79,17,24.6,2022-07-03,West,Cash,4.0,139.13,False
2919,3920,Camera,Sports,220.02,17,36.6,2024-02-11,South,Credit Card,5.0,29.87,False
2920,3921,Other,Electronics,69.82,5,24.7,2022-09-08,North,PayPal,3.0,86.56,False
2921,3922,Camera,Home,393.98,19,19.4,2022-01-08,South,Credit Card,5.0,77.7,False
2922,3923,Camera,Clothing,10.74,9,5.5,2022-09-16,South,credit card,1.0,319.72,False
2923,3924,Other,Books,6.99,16,26.4,2024-05-11,South,Cash,1.0,421.47,False
2924,3925,Tablet,Electronics,5.2,12,36.7,2023-07-19,West,Cash,4.0,187.46,True
2925,3926,Keyboard,Clothing,52.97,18,27.2,2023-10-07,East,Cash,1.0,76.3,False
2926,3927,Other,Clothing,25.72,18,36.5,2022-06-23,North,credit card,3.0,65.31,False
2927,3928,Monitor,Sports,4.36,18,18.5,2023-12-27,North,Credit Card,3.0,776.88,False
2928,3929,Laptop,Food,17.28,14,30.7,2022-02-13,West,PayPal,2.0,39.56,False
2929,3930,Keyboard,Books,163.01,12,27.9,2022-12-03,East,Cash,1.0,156.75,False
2930,3931,Phone,Home,51.1,1,31.6,2022-11-28,East,Credit Card,4.0,22.5,False
2931,3932,Headphones,Books,82.35,7,13.9,2022-12-09,North,Credit Card,5.0,145.2,False
2932,3933,Phone,Food,166.13,9,9.3,2022-10-23,West,PayPal,2.0,107.33,False
2933,3934,Laptop,Home,133.11,8,22.4,2024-12-08,South,credit card,2.0,423.48,False
2934,3935,Keyboard,Home,30.68,16,22.0,2022-08-22,South,PayPal,1.0,110.21,False
2935,3936,Keyboard,Electronics,141.69,18,26.8,2023-04-26,North,Cash,1.0,131.06,False
2936,3937,Phone,Electronics,14.95,6,25.5,2023-12-21,South,PayPal,1.0,378.72,False
2937,3938,Keyboard,Home,12.89,3,23.8,2024-06-05,East,PayPal,4.0,829.16,False
2938,3939,Phone,Clothing,95.31,7,24.3,2023-04-08,North,Cash,4.0,245.41,False
2939,3940,Phone,Books,194.37,2,7.4,2022-09-14,West,PayPal,5.0,252.87,False
2940,3941,Phone,Home,31.73,15,30.8,2024-03-08,South,Credit Card,3.0,626.2,True
2941,3942,Camera,Books,36.04,4,31.1,2022-03-18,East,Credit Card,3.0,452.08,False
2942,3943,Camera,Home,23.59,16,34.5,2022-03-23,North,PayPal,2.0,215.72,False
2943,3944,Phone,Sports,259.54,12,6.8,2022-05-13,South,PayPal,4.0,913.37,False
2944,3945,Headphones,Sports,49.14,7,8.6,2024-02-24,East,Cash,5.0,306.51,True
2945,3946,Keyboard,Clothing,6.29,10,37.2,2024-02-21,North,Cash,2.0,1813.81,True
2946,3947,Tablet,Sports,16.05,16,35.6,2024-01-20,West,Cash,3.0,265.56,False
2947,3948,Laptop,Electronics,134.63,1,7.0,2024-01-16,East,PayPal,3.0,399.52,True
2948,3949,Phone,Home,41415.78544507856,10,4.9,2022-12-05,South,Cash,1.0,94.74,False
2949,3950,Other,Electronics,1.91,8,32.6,2022-12-11,North,Credit Card,3.0,251.76,False
2950,3951,Headphones,Clothing,29.8,7,12.2,2022-02-07,South,PayPal,4.0,368.43,False
2951,3952,Keyboard,Books,158.49,8,5.9,2023-06-04,North,Credit Card,2.0,168.93,True
2952,3953,Camera,Sports,21.52,6,32.1,2022-11-18,East,Credit Card,3.0,499.23,False
2953,3954,Laptop,Clothing,11.59,5,23.7,2023-09-14,West,PAYPAL,4.0,194.78,False
2954,3955,Phone,Sports,31.49,15,19.1,2022-06-13,East,Credit Card,2.0,570.63,False
2955,3956,Camera,Clothing,354.01,18,6.4,2024-08-11,South,PayPal,1.0,55.64,False
2956,3957,Keyboard,Sports,48.24,3,17.5,2023-10-29,North,Cash,3.0,182.1,False
2957,3958,Tablet,Food,313.09,11,4.3,2022-06-05,South,PAYPAL,1.0,30.0,False
2958,3959,Camera,Sports,347.75,14,30.2,2024-10-19,North,PayPal,1.0,110.26,False
2959,3960,Phone,Home,12.84,13,30.8,2024-08-24,North,Credit Card,2.0,63.47,False
2960,3961,Other,Home,63.92,12,33.1,2023-05-08,South,Cash,3.0,534.63,False
2961,3962,Monitor,Home,111.78,10,11.2,2024-08-11,East,Cash,5.0,73.66,False
2962,3963,Monitor,Home,30.64,16,31.1,2022-06-28,North,PayPal,5.0,321.67,False
2963,3964,Headphones,Food,179.21,1,,2024-04-20,West,PayPal,3.0,380.07,False
2964,3965,Phone,Clothing,64.15,3,23.6,2024-06-06,South,PayPal,1.0,79.68,False
2965,3966,Phone,Home,46.91,18,25.1,2023-09-25,West,PayPal,1.0,96.33,False
2966,3967,Headphones,Home,32.3,4,13.9,2023-11-28,South,Credit Card,5.0,86.45,False
2967,3968,Keyboard,Books,20.46,6,22.2,2024-03-05,West,Credit Card,3.0,8.98,False
2968,3969,Monitor,Food,92.94,10,34.6,2022-04-10,South,PayPal,5.0,205.21,False
2969,3970,Laptop,Sports,42.7,8,24.7,2022-05-12,East,Credit Card,4.0,1017.17,False
2970,3971,Phone,Clothing,49.44,16,39.2,2022-06-23,West,Cash,2.0,71.51,False
2971,3972,Tablet,Food,200.89,14,3.5,2023-06-24,North,Credit Card,1.0,93.38,True
2972,3973,Camera,Clothing,33.81,12,33.9,2022-10-03,East,Cash,2.0,307.67,False
2973,3974,Keyboard,Electronics,140.92,11,6.4,2024-07-29,East,Credit Card,2.0,191.92,False
2974,3975,Keyboard,Books,16.46,10,,2024-12-17,East,Cash,3.0,25.89,False
2975,3976,Keyboard,Sports,58.73,7,39.1,2024-09-22,West,Credit Card,4.0,179.77,False
2976,3977,Headphones,Home,8.37,3,15.5,2023-08-04,North,Credit Card,2.0,193.21,False
2977,3978,Camera,Electronics,74.02,10,21.7,2022-08-01,North,Credit Card,5.0,63.53,False
2978,3979,Phone,Sports,73.85,2,19.8,2024-01-26,East,PayPal,4.0,356.88,False
2979,3980,Laptop,Clothing,153.68,5,23.4,2024-06-28,North,PAYPAL,4.0,123.22,False
2980,3981,Camera,Home,37.26,15,37.3,2023-03-03,North,Credit Card,2.0,0.94,False
2981,3982,Tablet,Clothing,400.33,10,25.0,2024-10-05,North,Credit Card,2.0,607.89,False
2982,3983,Headphones,Home,104.0,3,13.5,2024-03-04,West,Credit Card,2.0,151.36,False
2983,3984,Phone,Clothing,10.38,4,7.2,2023-09-16,North,credit card,5.0,75.71,False
2984,3985,Laptop,Clothing,92.72,10,39.0,2023-03-04,North,PayPal,2.0,149.02,False
2985,3986,Keyboard,Food,13.26,10,34.8,2022-06-28,South,credit card,1.0,764.3,False
2986,3987,Tablet,Home,117.69,2,3.3,2024-04-12,North,Credit Card,1.0,41.81,False
2987,3988,Laptop,Food,8.62,19,6.6,2023-08-18,North,Cash,1.0,439.73,False
2988,3989,Tablet,Electronics,24.85,16,19.4,2023-11-17,South,Credit Card,3.0,137.06,False
2989,3990,Keyboard,Home,124.25,16,5.1,2024-07-30,East,Cash,2.0,286.35,False
2990,3991,Headphones,Electronics,53.08,10,12.2,2024-11-12,East,credit card,3.0,698.9,False
2991,3992,Laptop,Clothing,27.49,10,30.0,2022-01-19,West,Credit Card,4.0,351.36,False
2992,3993,Headphones,Electronics,117.34,9,19.3,2023-05-07,North,Credit Card,5.0,32.87,False
2993,3994,Laptop,Books,325.66,9,28.0,2023-09-28,East,PayPal,4.0,416.92,False
2994,3995,Other,Sports,117.44,4,33.9,2024-11-09,West,Credit Card,3.0,224.6,False
2995,3996,Tablet,Home,186.51,14,17.7,2023-08-31,South,PayPal,5.0,583.08,False
2996,3997,Camera,Home,79.32,2,,2023-04-17,South,Cash,5.0,166.1,False
2997,3998,Keyboard,Electronics,77.95,10,34.8,2024-02-28,West,credit card,2.0,138.33,False
2998,3999,Laptop,Books,167.24,10,25.8,2024-12-27,South,PAYPAL,5.0,149.09,False
2999,4000,Monitor,Books,63.54,11,25.6,2022-01-06,East,Credit Card,4.0,94.76,False
3000,4001,Tablet,Food,24.39,9,25.0,2024-09-17,,Credit Card,5.0,213.14,False
3001,4002,Tablet,Sports,163.15,12,1.9,2024-01-30,North,PAYPAL,2.0,172.78,False
3002,4003,Tablet,Food,8.92,17,32.3,2024-12-06,West,PAYPAL,3.0,327.34,False
3003,4004,Phone,Sports,32.39,17,35.2,2022-12-10,North,Credit Card,5.0,26.78,False
3004,4005,Laptop,Food,291.19,6,26.4,2024-08-08,West,PayPal,2.0,104.63,False
3005,4006,Tablet,Clothing,47.87,4,37.7,2024-07-29,East,Credit Card,4.0,310.92,False
3006,4007,Keyboard,Sports,118.28,15,0.9,2022-08-25,North,Cash,2.0,899.72,False
3007,4008,Laptop,Books,27.49,16,29.6,2022-11-18,North,Cash,4.0,139.84,False
3008,4009,Monitor,Sports,56.46,5,2.6,2022-04-06,East,Credit Card,2.0,771.24,False
3009,4010,Camera,Electronics,17.47,18,32.8,2022-03-13,West,PayPal,2.0,210.2,True
3010,4011,Laptop,Food,8.62,12,1.1,2024-12-09,North,Cash,2.0,1.82,True
3011,4012,Monitor,Clothing,56.85,1,25.7,2024-12-26,North,Credit Card,4.0,81.91,False
3012,4013,Keyboard,Books,66.79,9,24.7,2023-02-13,North,PayPal,3.0,136.4,False
3013,4014,Tablet,Books,105.57,15,2.3,2022-02-26,South,Credit Card,5.0,119.46,False
3014,4015,Keyboard,Sports,35.88,1,32.9,2022-06-27,East,Credit Card,5.0,123.02,False
3015,4016,Tablet,Home,63.37,7,29.0,2024-08-23,East,PayPal,2.0,1062.84,False
3016,4017,Other,Sports,9.01,11,1.2,2022-06-26,South,credit card,2.0,104.17,False
3017,4018,Laptop,Home,170.75,14,13.5,2024-02-22,South,credit card,5.0,49.81,False
3018,4019,Laptop,Food,76.58,13,38.7,2023-11-06,North,Cash,1.0,48.29,False
3019,4020,Keyboard,Books,86.69,1,21.5,2024-02-24,South,PayPal,2.0,191.31,False
3020,4021,Phone,Books,63.31,13,25.5,2024-06-21,East,PayPal,1.0,102.89,False
3021,4022,Keyboard,Sports,48.76,2,26.4,2024-12-27,South,Cash,1.0,387.52,True
3022,4023,Tablet,Sports,26.5,9,3.5,2023-08-03,East,Cash,1.0,12.24,False
3023,4024,Monitor,Home,40.84,12,39.1,2024-05-31,North,PAYPAL,4.0,38.7,False
3024,4025,Camera,Sports,19.53,11,32.7,2023-07-30,South,credit card,4.0,180.99,False
3025,4026,Camera,Food,176.82,5,14.3,2024-06-25,East,PayPal,5.0,290.58,True
3026,4027,Laptop,Sports,3.48,18,2.2,2023-04-27,West,Credit Card,2.0,301.5,False
3027,4028,Laptop,Home,213.1,1,25.7,2023-10-04,West,PayPal,2.0,75.79,False
3028,4029,Laptop,Sports,67.69,4,30.4,2024-10-10,South,PayPal,1.0,123.49,False
3029,4030,Camera,Electronics,45.36,13,33.0,2024-06-26,North,PayPal,3.0,161.11,False
3030,4031,Laptop,Clothing,80.94,15,6.0,2022-04-01,South,Credit Card,5.0,91.77,False
3031,4032,Headphones,Electronics,111.15,1,29.6,2024-04-01,West,Cash,4.0,181.62,False
3032,4033,Laptop,Sports,200.46,17,34.8,2024-10-20,North,Credit Card,5.0,352.86,False
3033,4034,Other,Clothing,31.14,13,16.1,2024-04-14,East,Credit Card,5.0,332.06,False
3034,4035,Keyboard,Food,31.02,1,29.9,2023-04-24,North,Credit Card,3.0,9.93,False
3035,4036,Tablet,Sports,68.19,7,5.4,2024-05-10,West,PAYPAL,5.0,991.53,False
3036,4037,Monitor,Clothing,26.68,9,13.9,2024-02-14,South,Credit Card,2.0,400.88,False
3037,4038,Headphones,Books,89.63,4,15.5,2023-07-22,North,credit card,,80.8,False
3038,4039,Headphones,Books,34.62,5,10.3,2022-05-03,West,Credit Card,2.0,129.84,False
3039,4040,Tablet,Sports,42.34,6,16.4,2024-03-29,North,credit card,1.0,1115.77,False
3040,4041,Camera,Electronics,46.35,4,24.2,2023-12-08,North,PayPal,5.0,2428.79,False
3041,4042,Keyboard,Clothing,11.27,7,9.0,2023-07-17,East,Credit Card,4.0,154.62,False
3042,4043,Camera,Sports,28.94,10,37.2,2022-01-13,South,credit card,3.0,104.66,False
3043,4044,Phone,Sports,81.29,19,38.4,2022-03-06,West,credit card,3.0,482.62,False
3044,4045,Headphones,Food,21.76,8,33.6,2024-01-03,East,credit card,5.0,132.82,False
3045,4046,Phone,Books,99.46,18,21.2,2023-03-02,North,PayPal,4.0,269.57,False
3046,4047,Phone,Electronics,39.96,7,6.7,2023-04-14,West,Credit Card,4.0,11.6,False
3047,4048,,Home,11.27,19,8.4,2022-03-06,South,PayPal,4.0,3.07,False
3048,4049,Keyboard,Home,97.5,2,3.5,2024-05-19,South,Credit Card,1.0,114.56,False
3049,4050,Phone,Food,111.96,5,16.1,2022-06-07,West,credit card,1.0,118.06,False
3050,4051,Laptop,Clothing,96.89,12,3.8,2024-09-05,West,Credit Card,3.0,174.48,True
3051,4052,Phone,Clothing,21.95,17,34.6,2022-09-21,East,Credit Card,1.0,705.36,False
3052,4053,Tablet,Clothing,26.36,4,3.9,2023-01-03,South,credit card,4.0,333.29,False
3053,4054,Other,Electronics,77.03,11,38.2,2023-04-11,South,credit card,3.0,69.94,False
3054,4055,Headphones,Books,27.69,18,33.2,2023-04-05,East,PayPal,3.0,,False
3055,4056,Monitor,Clothing,11.53,19,16.1,2022-02-02,,credit card,1.0,115.76,False
3056,4057,Laptop,Books,43.8,1,26.8,2024-04-07,North,Credit Card,4.0,323.56,False
3057,4058,Monitor,Clothing,42.68,10,11.7,2023-01-20,West,PayPal,1.0,19.02,False
3058,4059,Tablet,Electronics,48.46,16,7.6,2022-01-08,North,credit card,5.0,51.99,False
3059,4060,Tablet,Home,69.79,7,37.7,2023-04-21,North,PayPal,2.0,45.45,False
3060,4061,Phone,Electronics,97.95,2,38.8,2024-10-03,West,PAYPAL,3.0,140.0,False
3061,4062,Phone,Food,101.91,7,8.3,2024-04-14,West,PAYPAL,5.0,228.01,False
3062,4063,Camera,Electronics,97.8,14,8.3,2023-06-17,South,credit card,1.0,564.54,False
3063,4064,Headphones,Books,18.35,1,36.9,2023-09-10,South,PAYPAL,4.0,359.31,False
3064,4065,Headphones,Electronics,22.56,9,4.9,2024-11-09,North,PayPal,3.0,36.23,False
3065,4066,Monitor,Electronics,32.24,14,23.4,2024-03-15,North,credit card,4.0,1408.61,False
3066,4067,Monitor,Electronics,49.0,18,17.6,2024-12-07,North,Credit Card,2.0,53.38,False
3067,4068,Tablet,Clothing,8.79,1,14.2,2024-02-02,East,Credit Card,5.0,724.21,False
3068,4069,Tablet,Electronics,188.24,1000,7.4,2023-02-18,West,Cash,5.0,210.44,True
3069,4070,Camera,Books,26.09,9,27.6,2023-10-12,West,Credit Card,3.0,58.63,False
3070,4071,Camera,Sports,193.56,6,11.7,2024-07-08,North,Credit Card,3.0,643.06,False
3071,4072,Camera,Electronics,132.83,11,1.8,2022-07-01,West,Credit Card,2.0,640.49,False
3072,4073,Headphones,Electronics,68.55,5,5.4,2023-05-05,North,credit card,5.0,505.04,False
3073,4074,Phone,Electronics,28.57,16,39.2,2024-09-04,West,PayPal,2.0,202.98,False
3074,4075,Headphones,Sports,244.56,17,18.0,2022-03-05,West,Credit Card,5.0,313.2,False
3075,4076,Headphones,Books,13.45,9,6.0,2022-10-13,North,PAYPAL,1.0,343.5,False
3076,4077,Laptop,Food,44.09,4,2.5,2023-07-24,South,Credit Card,5.0,274.49,False
3077,4078,Laptop,Clothing,48.62,2,36.8,2023-02-24,West,PAYPAL,2.0,22.61,False
3078,4079,Monitor,Food,55.37,3,5.9,2022-10-02,South,PayPal,1.0,64.31,True
3079,4080,Monitor,Books,42.94,19,38.4,2023-04-21,South,PayPal,5.0,268.37,False
3080,4081,Laptop,Food,79.2,17,,2024-12-13,West,Credit Card,5.0,516.67,False
3081,4082,Camera,Food,889.8,10,20.5,2024-03-01,South,Credit Card,2.0,129.6,False
3082,4083,Phone,Electronics,82.67,9,22.1,2024-02-20,,Cash,4.0,99.69,False
3083,4084,Camera,Electronics,115.04,6,25.2,2024-12-15,North,Cash,2.0,198.39,False
3084,4085,Keyboard,Electronics,223.26,11,0.5,2023-07-02,North,Credit Card,,120.52,False
3085,4086,Laptop,Books,25.42,3,8.7,2024-08-21,East,PayPal,4.0,129.88,False
3086,4087,Other,Clothing,565.88,10,13.4,2024-02-28,East,Cash,4.0,428.4,False
3087,4088,Tablet,Electronics,92.27,15,12.9,2024-01-09,South,PayPal,3.0,103.23,True
3088,4089,Headphones,Electronics,78.04,15,35.9,2023-10-29,East,credit card,5.0,24.93,False
3089,4090,Tablet,Clothing,11.25,12,25.8,2022-08-01,West,Cash,4.0,108.49,False
3090,4091,Phone,Electronics,83.89,10,39.9,2023-06-30,West,Credit Card,2.0,654.08,False
3091,4092,Tablet,Clothing,24.4,17,36.5,2023-11-03,West,PayPal,3.0,26.28,True
3092,4093,Laptop,Home,62.14,6,32.3,2022-03-21,West,credit card,3.0,302.66,False
3093,4094,Tablet,Home,99.53,12,27.8,2024-01-19,,credit card,3.0,45.55,False
3094,4095,Headphones,Sports,87.11,4,39.7,2023-07-01,South,Cash,2.0,309.39,True
3095,4096,Keyboard,Food,38.76,2,14.6,2022-12-30,West,PayPal,4.0,328.96,False
3096,4097,Other,Sports,39.35,16,5.6,2022-06-09,West,PayPal,1.0,188.45,False
3097,4098,Camera,Electronics,104.8,1,22.7,2023-12-16,West,Credit Card,4.0,155.77,False
3098,4099,Phone,Electronics,72.13,3,28.4,2022-10-22,North,credit card,4.0,289.52,False
3099,4100,Keyboard,Clothing,46.41,18,3.3,2022-05-23,East,credit card,1.0,279.72,False
3100,4101,Tablet,Sports,35.82,13,24.8,2023-09-17,West,credit card,1.0,134.88,True
3101,4102,Headphones,Food,96.07,6,2.7,2024-05-28,East,Cash,2.0,144.67,False
3102,4103,Keyboard,Clothing,217.6,9,27.9,2023-10-09,South,PayPal,5.0,287.28,False
3103,4104,Keyboard,Sports,9.63,10,14.2,2023-01-02,West,Cash,5.0,482.72,False
3104,4105,Laptop,Sports,442.64,3,34.4,2024-05-25,South,Cash,2.0,158.8,False
3105,4106,Phone,Electronics,222.87,8,13.9,2024-05-10,North,Cash,3.0,77.19,False
3106,4107,Phone,Books,59.33,16,37.7,2023-11-08,West,Cash,3.0,472.44,False
3107,4108,Phone,Sports,3.15,15,12.9,2024-08-20,North,Credit Card,2.0,726.72,False
3108,4109,Laptop,Food,78.4,3,7.9,2022-12-22,North,Cash,5.0,700.2,False
3109,4110,Laptop,Sports,96.45,13,29.6,2022-08-05,West,PayPal,2.0,496.45,False
3110,4111,Monitor,Food,23.28,6,5.1,2024-03-24,West,credit card,5.0,6.96,False
3111,4112,Keyboard,Home,40.9,8,6.6,2022-08-19,South,Cash,3.0,80.35,False
3112,4113,Keyboard,Electronics,166.73,11,28.2,2023-07-24,South,PayPal,2.0,82.85,False
3113,4114,Laptop,Electronics,204.9,8,22.8,2022-01-29,West,PayPal,1.0,57.15,False
3114,4115,Phone,Clothing,60.23,11,25.7,2024-04-03,North,Cash,3.0,396.74,False
3115,4116,Camera,Clothing,25.59,10,10.3,2023-07-24,North,PAYPAL,2.0,861.83,True
3116,4117,Monitor,Electronics,7.27,17,24.0,2023-03-04,,PayPal,4.0,4.88,False
3117,4118,Monitor,Sports,38.28,5,19.8,2024-02-20,West,PayPal,2.0,163.24,False
3118,4119,Headphones,Home,15.31,5,24.9,2024-02-16,East,Credit Card,4.0,666.09,False
3119,4120,Monitor,Books,124.64,15,31.1,2024-06-24,East,Credit Card,5.0,298.01,False
3120,4121,Laptop,Food,136.71,14,10.9,2024-10-28,North,Cash,3.0,172.65,True
3121,4122,Tablet,Books,227.07,3,9.4,2022-01-26,North,Credit Card,4.0,360.72,False
3122,4123,Keyboard,Food,63.07,15,9.9,2024-01-13,South,PayPal,1.0,61.94,False
3123,4124,Tablet,Clothing,327.57,9,17.0,2024-05-23,North,PayPal,2.0,383.24,False
3124,4125,Tablet,Food,30.44,13,34.0,2022-12-28,South,Credit Card,4.0,423.97,False
3125,4126,,Food,28.88,7,15.5,2024-04-20,South,Credit Card,1.0,15.06,False
3126,4127,Phone,Sports,85.06,19,22.3,2023-08-07,,Credit Card,1.0,97.98,False
3127,4128,Monitor,Electronics,39.92,1,11.0,2022-05-12,North,Credit Card,1.0,243.12,False
3128,4129,Phone,Home,216.15,2,4.3,2024-11-02,East,Credit Card,4.0,1427.76,False
3129,4130,Headphones,Books,378.22,1000,16.1,2023-05-31,North,Cash,5.0,649.08,False
3130,4131,Phone,Books,123.14,3,13.2,2023-02-01,East,PayPal,5.0,130.44,False
3131,4132,Laptop,Clothing,46.89,19,6.0,2024-11-06,West,PAYPAL,3.0,210.06,False
3132,4133,Headphones,Home,90.6,4,37.7,2024-04-15,East,PayPal,2.0,2.69,False
3133,4134,Headphones,Food,130.71,5,31.4,2024-08-02,West,PayPal,4.0,214.37,False
3134,4135,Keyboard,Food,22.96,9,7.7,2024-11-12,East,Credit Card,5.0,52.2,False
3135,4136,Laptop,Books,14.6,9,17.5,2024-03-03,North,Cash,5.0,107.06,False
3136,4137,Keyboard,Clothing,34.21,17,23.8,2022-12-10,South,PayPal,3.0,767.84,False
3137,4138,Laptop,Books,20.32,7,24.0,2023-03-13,West,PayPal,1.0,933.78,False
3138,4139,Phone,Books,154.05,7,38.5,2024-08-23,North,PayPal,2.0,243.79,False
3139,4140,Laptop,Sports,36.41,7,7.9,2024-02-28,East,credit card,4.0,291.38,False
3140,4141,Headphones,Clothing,76.83,18,19.3,2024-07-05,East,PAYPAL,5.0,214.25,False
3141,4142,Monitor,Clothing,13.32,7,23.5,2022-11-07,East,Credit Card,5.0,585.48,False
3142,4143,Laptop,Sports,51.83,2,38.0,2023-08-07,South,Credit Card,1.0,200.04,False
3143,4144,,Sports,23.16,10,2.3,2022-09-24,West,Credit Card,1.0,79.94,False
3144,4145,Headphones,Food,224.22,17,30.8,2022-08-11,West,Credit Card,3.0,145.32,False
3145,4146,Headphones,Food,175.59,1,3.8,2024-05-24,North,PayPal,5.0,13.99,False
3146,4147,Tablet,Sports,121.62,3,39.4,2024-05-05,East,Cash,2.0,162.38,False
3147,4148,Camera,Home,53.1,7,13.8,2023-07-02,East,PayPal,2.0,80.75,False
3148,4149,Headphones,Electronics,65.2,3,34.3,2023-11-25,North,credit card,5.0,193.43,False
3149,4150,Headphones,Food,13.68,11,10.6,2023-09-16,North,PAYPAL,2.0,417.4,True
3150,4151,Headphones,Clothing,51.26,13,14.1,2023-08-31,South,credit card,4.0,414.88,False
3151,4152,Camera,Clothing,30.76,17,35.6,2022-06-15,South,PayPal,2.0,145.88,False
3152,4153,Headphones,Clothing,299.52,14,26.5,2023-03-13,East,PayPal,5.0,231.27,True
3153,4154,Laptop,Sports,36.65,4,22.3,2024-02-12,East,Credit Card,4.0,26.46,False
3154,4155,Tablet,Home,85.82,17,3.9,2023-11-27,South,Credit Card,5.0,183.97,False
3155,4156,Headphones,Food,23.24,6,0.9,2022-03-03,West,PayPal,4.0,442.58,False
3156,4157,Laptop,Clothing,38.08,3,1.2,2022-01-15,,Cash,5.0,13.11,False
3157,4158,Phone,Books,119.19,16,,2023-10-23,East,Cash,1.0,10.31,False
3158,4159,Camera,Food,34.28,17,26.4,2022-09-10,South,PAYPAL,,60.02,False
3159,4160,Tablet,Home,159.46,4,13.6,2023-03-15,West,Cash,4.0,320.21,True
3160,4161,Other,Books,42.22,13,23.5,2023-02-14,North,Credit Card,4.0,141.33,False
3161,4162,Other,Clothing,16.95,16,,2024-08-06,East,Credit Card,2.0,263.89,False
3162,4163,Laptop,Books,9.7,18,38.7,2023-03-29,West,PAYPAL,4.0,347.83,False
3163,4164,Phone,Electronics,67.38,3,1.1,2024-06-05,South,PayPal,1.0,166.16,False
3164,4165,Tablet,Books,47.35,9,29.7,2023-12-26,North,PayPal,1.0,98.74,False
3165,4166,Keyboard,Clothing,60.21,7,28.8,2022-03-14,North,PAYPAL,4.0,371.28,False
3166,4167,Phone,Electronics,57.99,8,22.5,2023-11-22,West,credit card,5.0,50.92,False
3167,4168,Tablet,Books,48.17,10,27.0,2022-11-24,South,Cash,2.0,85.33,False
3168,4169,Monitor,Books,37.33,1,16.6,2024-09-11,West,PayPal,3.0,39.41,False
3169,4170,Headphones,Clothing,321.09,17,8.6,2022-02-02,North,Credit Card,2.0,343.15,False
3170,4171,Camera,Clothing,111.02,11,11.8,2023-02-06,East,Credit Card,1.0,232.8,True
3171,4172,Tablet,Electronics,230.26,6,2.1,2024-03-20,North,Credit Card,1.0,72.12,False
3172,4173,Phone,Home,56.49,4,14.3,2024-12-25,East,credit card,2.0,715.42,False
3173,4174,Tablet,Sports,377.06,5,16.4,2024-10-14,South,Credit Card,4.0,149.56,False
3174,4175,Headphones,Clothing,76.2,18,16.6,2022-12-10,North,Credit Card,4.0,486.1,False
3175,4176,Monitor,Electronics,21.26,16,31.8,2024-07-09,North,credit card,5.0,312.74,False
3176,4177,Monitor,Food,219.93,13,16.9,2023-12-29,West,PAYPAL,4.0,164.93,False
3177,4178,Camera,Books,49.51,19,6.5,2022-12-18,West,Credit Card,3.0,216.2,True
3178,4179,Monitor,Home,132.55,17,29.3,2022-09-28,East,Credit Card,5.0,749.18,False
3179,4180,Other,Food,37.4,6,23.3,2024-11-04,South,Cash,,49.28,False
3180,4181,Camera,Books,13.85,14,27.0,2024-08-21,East,credit card,1.0,12.76,False
3181,4182,Camera,Sports,24.78,13,21.7,2024-01-12,South,PayPal,4.0,146.13,True
3182,4183,Phone,Home,10.6,14,14.8,2023-11-04,East,Credit Card,5.0,28.38,False
3183,4184,Camera,Sports,83.89,17,20.4,2022-07-06,West,PAYPAL,5.0,86.53,False
3184,4185,Keyboard,Food,246.26,12,28.9,2022-09-12,East,PayPal,2.0,150.32,False
3185,4186,Camera,Electronics,43.65,6,34.5,2024-11-19,West,Credit Card,2.0,217.56,True
3186,4187,Headphones,Clothing,77.21,10,17.8,2024-02-29,North,Cash,1.0,1549.48,False
3187,4188,Phone,Food,92.04,15,20.6,2023-01-06,West,PayPal,4.0,37.46,False
3188,4189,Laptop,Electronics,91.51,4,22.0,2024-05-20,East,credit card,3.0,36.59,False
3189,4190,Monitor,Books,36.56,17,33.6,2024-09-14,South,Credit Card,2.0,286.95,False
3190,4191,Monitor,Sports,103.4,1,0.3,2022-07-23,North,Credit Card,3.0,689.21,True
3191,4192,Camera,Sports,115.52,14,14.0,2024-02-19,West,Credit Card,2.0,197.86,False
3192,4193,Tablet,Sports,67.08,17,29.6,2023-06-17,North,PayPal,1.0,27.75,False
3193,4194,Laptop,Electronics,49.7,16,15.7,2024-03-05,West,PayPal,1.0,38.21,False
3194,4195,Phone,Electronics,282.57,14,22.0,2023-01-10,South,Credit Card,4.0,330.86,False
3195,4196,Keyboard,Clothing,178.19,1,38.2,2023-02-12,North,Cash,5.0,951.88,False
3196,4197,Phone,Books,40.78,2,32.6,2023-02-08,East,Cash,2.0,404.29,False
3197,4198,Laptop,Electronics,40.32,15,9.2,2022-05-17,West,Cash,4.0,63.49,False
3198,4199,Tablet,Home,123.28,4,34.1,2022-11-10,North,Credit Card,2.0,226.61,False
3199,4200,Headphones,Books,59.11,18,12.2,2022-08-31,East,Cash,5.0,998.35,False
3200,4201,Other,Clothing,14.69,3,4.3,2022-03-09,West,Credit Card,2.0,271.46,False
3201,4202,Keyboard,Books,101.07,16,32.4,2022-08-03,West,Cash,5.0,367.61,False
3202,4203,Keyboard,Books,258.52,5,15.8,2024-01-02,South,credit card,3.0,13.04,False
3203,4204,,Food,58.16,12,8.6,2023-09-18,West,Cash,4.0,379.95,False
3204,4205,Headphones,Clothing,383.89,4,23.7,2022-05-27,North,credit card,3.0,3.0,False
3205,4206,Tablet,Food,152.86,2,29.9,2022-10-25,West,Cash,2.0,472.06,False
3206,4207,Headphones,Books,32.83,17,19.5,2022-04-20,South,Cash,3.0,173.5,False
3207,4208,Monitor,Home,106.08,16,37.8,2022-07-30,West,credit card,3.0,767.54,False
3208,4209,Laptop,Books,37.5,6,2.0,2023-07-12,North,PayPal,1.0,291.25,False
3209,4210,Keyboard,Food,351.57,10,33.9,2022-04-12,West,PayPal,5.0,857.67,False
3210,4211,Camera,Sports,16.65,15,25.0,2023-01-16,North,Cash,1.0,165.1,False
3211,4212,Tablet,Sports,114.58,5,39.5,2022-04-17,West,PAYPAL,5.0,34.66,False
3212,4213,Laptop,Clothing,32.35,16,20.2,2024-12-14,East,credit card,3.0,44.82,False
3213,4214,Camera,Clothing,16.68,14,38.1,2024-04-07,East,Cash,1.0,440.4,True
3214,4215,Laptop,Home,88.51,18,6.8,2022-12-09,West,credit card,2.0,159.74,False
3215,4216,Laptop,Sports,302.34,14,16.3,2023-07-28,East,PayPal,4.0,389.82,False
3216,4217,Tablet,Clothing,55.55,2,0.4,2022-03-28,North,Cash,2.0,37.75,True
3217,4218,Phone,Sports,65.8,6,9.9,2023-08-25,East,Cash,2.0,137.46,False
3218,4219,Laptop,Books,35.52,7,6.2,2024-02-22,South,PayPal,3.0,155.36,False
3219,4220,Monitor,Home,24.79,14,14.0,2023-10-11,South,PayPal,3.0,88.4,False
3220,4221,Monitor,Clothing,64.32,18,20.6,2022-06-02,East,Cash,2.0,698.16,False
3221,4222,Monitor,Home,36.68,8,6.7,2024-02-05,East,Credit Card,4.0,345.46,False
3222,4223,Monitor,Food,41.32,8,11.3,2024-03-01,South,credit card,3.0,3.97,False
3223,4224,Keyboard,Home,135.95,8,5.0,2024-03-14,West,PayPal,3.0,139.44,False
3224,4225,Keyboard,Clothing,134.88,5,27.3,2023-08-26,West,credit card,2.0,82.47,False
3225,4226,Laptop,Food,17.48,7,25.7,2022-09-20,West,Cash,2.0,557.16,False
3226,4227,Tablet,Home,91.82,18,,2024-06-20,North,Cash,4.0,268.06,False
3227,4228,Monitor,Home,121.99,13,24.4,2024-01-19,East,Cash,5.0,156.07,False
3228,4229,,Clothing,179.76,15,24.0,2023-06-17,North,Credit Card,5.0,566.08,False
3229,4230,Headphones,Clothing,46.99,17,7.8,2023-09-02,North,Cash,2.0,717.98,False
3230,4231,Keyboard,Sports,17.78,3,27.2,2022-01-16,West,PAYPAL,5.0,528.54,False
3231,4232,Monitor,Books,68.1,2,38.2,2023-11-09,East,credit card,3.0,314.35,False
3232,4233,Tablet,Food,92.99,17,20.5,2024-12-09,North,credit card,2.0,42.86,False
3233,4234,Camera,Clothing,6.71,4,11.7,2024-10-29,West,Cash,4.0,35.72,False
3234,4235,Phone,Books,282.55,9,37.7,2022-03-05,South,Credit Card,5.0,42.52,False
3235,4236,Tablet,Home,37.65,6,11.5,2022-02-26,South,credit card,3.0,238.88,False
3236,4237,Phone,Books,33.61,17,23.1,2024-08-21,North,Credit Card,3.0,902.81,True
3237,4238,Tablet,Books,29.62,12,2.3,2022-06-04,West,PayPal,5.0,222.75,False
3238,4239,Tablet,Electronics,,4,18.3,2023-10-17,East,PAYPAL,4.0,42.39,False
3239,4240,Camera,Books,24.59,5,38.9,2024-04-24,North,Cash,2.0,256.83,False
3240,4241,Tablet,Clothing,131.65,4,26.1,2024-08-08,South,PayPal,4.0,219.08,False
3241,4242,Headphones,Clothing,,13,25.3,2022-10-14,North,PayPal,1.0,142.7,False
3242,4243,Tablet,Home,10.93,8,36.9,2024-06-29,South,Credit Card,5.0,392.17,False
3243,4244,Phone,Sports,18.11,12,35.0,2022-02-15,North,credit card,5.0,103.93,True
3244,4245,Keyboard,Home,52.29,10,26.6,2024-05-19,North,Credit Card,2.0,6.89,False
3245,4246,Camera,Food,62.41,15,34.5,2023-12-05,South,PAYPAL,1.0,73.8,False
3246,4247,Keyboard,Sports,40.8,8,3.5,2024-03-19,North,Cash,3.0,180.15,False
3247,4248,Laptop,Food,106.82,2,23.7,2022-09-23,East,Credit Card,3.0,114.57,False
3248,4249,Headphones,Clothing,20.72,13,37.0,2022-05-26,East,PayPal,4.0,336.76,False
3249,4250,Phone,Clothing,73.93,1,18.9,2024-05-01,South,credit card,2.0,163.6,False
3250,4251,Laptop,Books,20.67,17,9.9,2023-12-31,South,PayPal,5.0,299.67,False
3251,4252,Tablet,Clothing,29.38,2,5.9,2024-09-21,East,PayPal,1.0,172.69,False
3252,4253,Phone,Sports,30.11,11,34.4,2023-07-01,South,PayPal,5.0,380.03,True
3253,4254,Keyboard,Food,28.88,4,9.6,2022-05-13,North,Credit Card,,52.18,False
3254,4255,Keyboard,Sports,18.01,5,15.5,2023-04-01,East,Cash,3.0,207.47,False
3255,4256,Keyboard,Electronics,33.39,13,24.5,2022-04-13,South,Credit Card,3.0,144.18,False
3256,4257,Monitor,Clothing,62.12,16,2.2,2024-07-22,East,Cash,3.0,458.72,False
3257,4258,Headphones,Electronics,113.35,2,38.9,2024-08-26,North,Credit Card,4.0,214.81,False
3258,4259,Headphones,Clothing,8.7,16,17.8,2022-10-29,South,Credit Card,4.0,539.65,False
3259,4260,Keyboard,Home,416.84,16,11.2,2023-10-05,North,Cash,1.0,151.02,False
3260,4261,Tablet,Home,19.59,9,2.7,2022-03-11,South,PayPal,2.0,265.4,False
3261,4262,Camera,Clothing,82.82,11,37.5,2023-05-22,East,PayPal,5.0,310.63,False
3262,4263,Monitor,Clothing,9.59,17,12.5,2023-04-16,East,Credit Card,5.0,72.86,True
3263,4264,Tablet,Books,64.81,13,11.3,2022-11-24,North,Cash,1.0,183.75,True
3264,4265,Phone,Books,57.13,8,32.5,2023-09-06,North,PAYPAL,4.0,1821.94,False
3265,4266,Laptop,Sports,41.19,7,11.2,2023-01-29,West,Cash,4.0,225.69,False
3266,4267,Keyboard,Sports,28.92,14,22.0,2023-10-02,East,PayPal,2.0,189.04,False
3267,4268,Monitor,Sports,282.77,16,3.4,2022-06-10,North,PayPal,5.0,5.96,False
3268,4269,Monitor,Electronics,78.76,18,21.2,2023-11-27,North,Credit Card,1.0,872.07,False
3269,4270,Monitor,Home,78.26,14,30.9,2023-02-07,North,PayPal,4.0,350.39,False
3270,4271,Keyboard,Clothing,17.6,6,10.6,2023-09-01,West,Credit Card,4.0,74.02,False
3271,4272,Monitor,Sports,47.93,5,8.8,2023-03-06,West,PAYPAL,1.0,48.02,False
3272,4273,Keyboard,Home,9.75,7,35.5,2024-05-18,North,Credit Card,4.0,591.78,False
3273,4274,Headphones,Clothing,24.15,7,35.9,2022-01-10,South,PayPal,1.0,15.21,False
3274,4275,Camera,Electronics,201.7,1,31.1,2022-06-10,East,PayPal,5.0,320.69,False
3275,4276,Headphones,Books,19.33,1,36.5,2024-09-16,South,Cash,2.0,36.24,False
3276,4277,Monitor,Books,30.19,5,8.7,2023-07-08,West,Credit Card,2.0,179.8,False
3277,4278,Headphones,Clothing,127.63,1,3.2,2022-07-20,South,PayPal,4.0,147.84,False
3278,4279,Phone,Food,43.86,14,32.5,2024-11-27,West,credit card,3.0,93.01,False
3279,4280,Monitor,Sports,101.43,6,36.6,2022-07-11,South,PAYPAL,5.0,510.57,False
3280,4281,Headphones,Food,63.4,4,36.5,2024-02-13,North,Cash,3.0,105.69,False
3281,4282,Tablet,Electronics,43.48,15,33.5,2024-11-21,East,PayPal,5.0,31.55,False
3282,4283,Laptop,Electronics,114.23,19,29.2,2024-01-12,North,Credit Card,5.0,12.65,False
3283,4284,Headphones,Food,22.77,2,32.8,2023-07-09,West,Credit Card,4.0,744.26,False
3284,4285,Phone,Home,13.87,5,10.1,2024-05-03,East,PayPal,3.0,84.31,False
3285,4286,Monitor,Electronics,86.98,12,6.2,2023-10-27,East,Credit Card,2.0,461.73,False
3286,4287,Phone,Sports,5.15,3,35.8,2023-03-31,South,PayPal,2.0,126.66,False
3287,4288,Monitor,Books,23.51,2,22.3,2023-05-19,East,PayPal,5.0,291.4,False
3288,4289,Keyboard,Food,31.43,16,8.6,2022-07-09,North,Credit Card,3.0,1159.92,False
3289,4290,Keyboard,Clothing,213.95,6,25.6,2023-11-04,East,Cash,2.0,,False
3290,4291,Monitor,Sports,130.53,15,16.2,2023-02-16,South,PayPal,5.0,443.4,False
3291,4292,Camera,Sports,11.61,19,6.8,2024-02-21,North,PAYPAL,4.0,28.46,False
3292,4293,Monitor,Books,35.05,11,2.7,2024-05-08,West,Credit Card,5.0,114.42,False
3293,4294,Tablet,Electronics,786.13,18,2.8,2023-04-23,East,credit card,2.0,70.43,False
3294,4295,Monitor,Home,191.5,16,7.1,2023-05-07,East,PayPal,5.0,701.17,False
3295,4296,Keyboard,Electronics,64.35,14,18.3,2023-12-17,East,credit card,4.0,167.29,False
3296,4297,Monitor,Books,15.85,16,24.1,2024-05-03,East,Credit Card,2.0,396.65,False
3297,4298,Laptop,Home,9.98,1,33.1,2023-10-18,South,Cash,1.0,695.94,False
3298,4299,Tablet,Sports,43837.743337182736,7,10.2,2024-12-08,North,PayPal,1.0,368.91,True
3299,4300,Keyboard,Food,8.54,4,18.0,2022-10-13,South,PAYPAL,5.0,201.42,False
3300,4301,Phone,Clothing,52.24,2,5.7,2023-02-06,North,Credit Card,2.0,51.2,True
3301,4302,Phone,Home,56.0,1,14.9,2024-05-01,North,credit card,3.0,175.09,False
3302,4303,Monitor,Sports,21.95,1,11.1,2022-04-28,West,PayPal,1.0,283.09,True
3303,4304,Headphones,Home,16.9,7,32.3,2022-01-22,East,PayPal,2.0,490.31,False
3304,4305,Monitor,Food,39.77,10,34.1,2023-06-29,North,Cash,5.0,1262.89,False
3305,4306,Laptop,Clothing,,1,26.0,2024-05-10,North,PayPal,1.0,1054.01,False
3306,4307,Tablet,Food,280.03,2,25.1,2022-05-10,North,Cash,1.0,702.32,True
3307,4308,Monitor,Food,69.01,3,7.5,2022-06-27,North,PayPal,5.0,532.11,False
3308,4309,Monitor,Electronics,12.93,8,9.3,2022-10-21,North,PayPal,1.0,60.64,False
3309,4310,Monitor,Electronics,25.5,2,27.8,2023-03-21,North,Cash,1.0,1026.45,False
3310,4311,Keyboard,Home,34.6,6,35.9,2024-04-11,North,Credit Card,1.0,192.77,False
3311,4312,Monitor,Food,6.62,10,38.2,2024-08-14,East,credit card,1.0,587.67,False
3312,4313,Headphones,Books,46.25,14,10.1,2024-03-23,North,Credit Card,1.0,563.77,False
3313,4314,Other,Clothing,8.52,18,38.4,2022-02-12,South,Credit Card,5.0,680.73,False
3314,4315,Keyboard,Books,158.06,9,33.1,2022-12-20,South,credit card,4.0,212.19,False
3315,4316,Tablet,Sports,101.89,12,21.4,2023-10-20,West,Credit Card,3.0,647.28,False
3316,4317,Phone,Food,8.7,15,2.0,2023-03-23,West,credit card,2.0,148.63,False
3317,4318,Headphones,Electronics,270.58,4,14.0,2022-03-09,South,credit card,4.0,427.54,False
3318,4319,Phone,Food,81.84,16,21.4,2024-03-31,South,PayPal,3.0,475.33,False
3319,4320,Headphones,Sports,28.68,13,34.8,2023-06-20,South,Cash,5.0,95.21,False
3320,4321,Monitor,Sports,124.93,9,12.0,2024-10-21,North,Credit Card,2.0,3.84,False
3321,4322,Tablet,Sports,28.22,4,10.8,2024-11-13,East,credit card,2.0,153.62,False
3322,4323,Camera,Home,78.66,16,8.2,2022-10-04,South,Credit Card,3.0,79.08,False
3323,4324,Monitor,Clothing,130.55,17,2.2,2024-08-09,East,PAYPAL,3.0,336.39,False
3324,4325,Tablet,Home,28.88,4,16.9,2022-01-16,East,credit card,2.0,794.47,False
3325,4326,Laptop,Electronics,103.15,2,9.1,2023-11-06,East,PayPal,2.0,132.7,False
3326,4327,Keyboard,Sports,72.53,18,36.5,2024-08-19,West,Credit Card,5.0,230.33,False
3327,4328,Phone,Sports,30.77,18,12.1,2024-06-27,South,Cash,3.0,1417.22,False
3328,4329,Other,Sports,11.45,19,17.7,2024-09-09,East,Cash,,623.05,False
3329,4330,Headphones,Food,34.63,3,20.3,2023-09-10,East,Cash,4.0,546.8,False
3330,4331,Tablet,Home,55.22,3,12.5,2022-07-03,South,PayPal,2.0,576.4,False
3331,4332,Camera,Home,178.53,3,15.6,2023-09-27,East,PayPal,,1027.32,False
3332,4333,Camera,Books,238.73,17,29.1,2023-09-29,South,Credit Card,4.0,658.96,False
3333,4334,Phone,Books,25.61,9,28.7,2023-05-07,North,Cash,5.0,773.12,False
3334,4335,Keyboard,Clothing,30.02,18,1.3,2022-05-24,North,Credit Card,1.0,92.58,False
3335,4336,Other,Clothing,86.11,7,3.7,2023-09-12,East,credit card,2.0,133.46,False
3336,4337,Keyboard,Electronics,178.27,14,21.3,2022-02-17,West,PayPal,3.0,233.39,True
3337,4338,Keyboard,Home,226.71,15,12.7,2023-10-30,South,Credit Card,3.0,310.77,False
3338,4339,Tablet,Food,54.01,19,,2024-11-06,East,Cash,1.0,477.67,False
3339,4340,Keyboard,Food,187.1,13,36.8,2024-07-24,East,PayPal,4.0,109.93,False
3340,4341,Laptop,Sports,27.78,7,28.2,2022-04-28,North,Credit Card,3.0,1717.27,False
3341,4342,Phone,Food,49.38,11,11.2,2023-01-31,West,credit card,3.0,25.51,False
3342,4343,Camera,Sports,17.31,3,15.6,2022-03-25,East,credit card,4.0,254.6,False
3343,4344,Headphones,Sports,24.88,14,0.1,2024-10-11,North,credit card,1.0,13.63,False
3344,4345,Tablet,Books,66.32,9,25.2,2023-12-17,West,credit card,4.0,235.48,False
3345,4346,Headphones,Home,11435.55291419179,9,22.7,2024-06-23,South,Cash,1.0,529.88,True
3346,4347,Phone,Clothing,65.31,15,31.4,2024-11-01,West,Cash,2.0,150.06,False
3347,4348,Monitor,Sports,119.73,16,19.1,2023-02-24,North,Credit Card,3.0,63.66,False
3348,4349,Headphones,Sports,27.74,16,27.8,2023-08-14,East,PayPal,3.0,68.63,True
3349,4350,,Electronics,50.33,2,38.5,2023-07-25,South,Credit Card,4.0,114.34,False
3350,4351,Other,Clothing,41.23,7,21.7,2022-10-08,West,PayPal,4.0,240.75,False
3351,4352,Other,Books,31.49,14,32.6,2023-01-07,East,PayPal,5.0,144.68,False
3352,4353,Phone,Books,96.46,9,2.1,2024-12-29,South,Credit Card,5.0,163.88,False
3353,4354,Headphones,Food,139.04,11,28.8,2024-12-28,West,PayPal,3.0,35.95,False
3354,4355,Monitor,Home,153.62,4,39.1,2023-06-22,West,Credit Card,3.0,555.48,False
3355,4356,Phone,Clothing,34.29,6,26.1,2022-11-03,East,credit card,1.0,48.33,False
3356,4357,Keyboard,Home,78.78,10,2.5,2024-07-04,South,PayPal,1.0,276.04,False
3357,4358,Tablet,Books,23.05,1,23.9,2022-01-02,West,Cash,2.0,102.23,False
3358,4359,Headphones,Home,73.47,17,19.9,2022-08-31,North,Credit Card,5.0,630.05,False
3359,4360,Phone,Clothing,44.6,14,22.4,2022-01-16,West,PAYPAL,3.0,48.97,False
3360,4361,Headphones,Home,34.0,18,12.5,2024-10-29,East,PayPal,4.0,60.13,False
3361,4362,Headphones,Sports,47.25,18,7.2,2024-12-25,South,Credit Card,4.0,87.75,False
3362,4363,Phone,Electronics,16.89,19,4.4,2024-08-06,North,PayPal,1.0,210.78,False
3363,4364,Phone,Books,103.87,16,17.3,2023-10-12,West,Credit Card,2.0,762.67,False
3364,4365,Laptop,Books,149.95,8,7.4,2022-10-29,West,Cash,3.0,122.07,False
3365,4366,Laptop,Sports,161.74,13,38.2,2022-11-20,South,PayPal,4.0,299.37,False
3366,4367,Headphones,Food,98.34,8,6.4,2024-10-07,South,Cash,5.0,269.69,False
3367,4368,Other,Home,23.44,9,35.4,2024-04-06,North,credit card,3.0,630.41,False
3368,4369,Keyboard,Books,32.11,8,28.6,2022-07-24,North,Cash,4.0,799.26,False
3369,4370,Laptop,Sports,82.42,10,11.8,2024-07-13,North,PAYPAL,2.0,1115.06,False
3370,4371,Headphones,Electronics,155.32,11,24.5,2024-10-31,South,credit card,5.0,108.95,False
3371,4372,Phone,Books,162.7,15,,2024-02-04,North,credit card,4.0,71.56,False
3372,4373,Headphones,Food,14.2,17,6.3,2024-10-21,North,Credit Card,2.0,269.63,True
3373,4374,Keyboard,Clothing,19.45,9,14.7,2022-02-09,North,PayPal,4.0,286.61,False
3374,4375,Headphones,Electronics,54.96,13,22.2,2024-07-28,North,PAYPAL,3.0,170.8,False
3375,4376,Monitor,Home,6.93,15,25.1,2024-01-17,South,credit card,,121.18,True
3376,4377,Laptop,Sports,58.3,5,12.6,2023-07-16,West,credit card,1.0,578.15,False
3377,4378,Keyboard,Food,17.85,15,3.0,2024-02-09,West,Cash,3.0,28.57,False
3378,4379,Monitor,Electronics,284.9,9,5.0,2023-06-27,East,PayPal,3.0,217.17,False
3379,4380,Headphones,Electronics,152.57,7,28.6,2022-01-05,East,Credit Card,3.0,11.84,False
3380,4381,Headphones,Food,12.06,14,6.6,2022-02-08,East,PayPal,3.0,626.65,False
3381,4382,Monitor,Sports,236.21,4,8.7,2024-01-14,West,Credit Card,4.0,70.17,True
3382,4383,Headphones,Food,83.04,10,3.7,2024-07-06,South,PAYPAL,3.0,319.07,False
3383,4384,Phone,Sports,19.06,14,10.3,2023-07-10,West,credit card,4.0,157.46,False
3384,4385,Camera,Electronics,14.78,4,0.5,2022-12-25,North,PayPal,1.0,207.29,False
3385,4386,Laptop,Food,8.03,9,31.4,2023-12-11,South,PayPal,3.0,617.47,False
3386,4387,Headphones,Sports,49.27,7,17.1,2023-12-15,West,credit card,1.0,76.61,True
3387,4388,Tablet,Home,9.78,17,4.6,2022-11-04,North,Credit Card,3.0,79.34,False
3388,4389,Monitor,Electronics,29.39,18,26.4,2022-03-25,West,PAYPAL,2.0,28.34,True
3389,4390,Laptop,Home,21.36,15,21.9,2023-11-25,East,Credit Card,5.0,262.0,False
3390,4391,Keyboard,Home,296.02,15,13.5,2023-09-20,North,credit card,3.0,536.0,False
3391,4392,Keyboard,Electronics,25.13,3,27.6,2022-08-09,East,PAYPAL,3.0,641.43,False
3392,4393,Tablet,Food,16.24,2,26.8,2024-01-03,North,PayPal,3.0,579.99,True
3393,4394,Monitor,Electronics,56.22,19,26.8,2024-09-24,South,PayPal,1.0,144.04,False
3394,4395,Monitor,Home,49.41,17,27.1,2022-10-08,East,Credit Card,3.0,541.16,False
3395,4396,Headphones,Food,35.42,1,39.3,2022-01-14,East,Cash,4.0,610.52,True
3396,4397,Camera,Sports,12.84,8,21.3,2022-10-09,South,Credit Card,2.0,797.01,False
3397,4398,Phone,Sports,107.71,16,21.8,2023-08-18,North,Cash,3.0,411.04,False
3398,4399,Phone,Home,611.72,15,2.9,2024-08-14,West,Credit Card,5.0,373.66,False
3399,4400,Headphones,Sports,63.73,12,19.0,2022-05-02,South,Credit Card,3.0,50.91,True
3400,4401,Phone,Sports,47.05,2,26.8,2022-10-31,West,Credit Card,2.0,263.03,False
3401,4402,Headphones,Sports,202.53,15,22.9,2022-04-08,East,credit card,2.0,112.56,False
3402,4403,Monitor,Books,120.45,19,6.4,2024-07-19,East,PayPal,1.0,1344.65,False
3403,4404,Keyboard,Electronics,109.29,13,27.5,2023-03-26,North,PayPal,1.0,131.63,False
3404,4405,Keyboard,Clothing,15.34,15,21.4,2024-05-06,South,PayPal,2.0,104.67,False
3405,4406,Monitor,Books,46.84,11,1.1,2024-08-09,East,PayPal,5.0,256.2,False
3406,4407,Phone,Books,52.39,18,36.1,2022-05-24,East,PayPal,2.0,35.05,False
3407,4408,Monitor,Clothing,27.66,15,26.0,2023-06-26,East,PAYPAL,1.0,549.51,True
3408,4409,Headphones,Sports,15.26,10,15.6,2023-04-24,West,PayPal,2.0,428.42,False
3409,4410,Headphones,Food,70.42,7,10.9,2023-04-23,South,Credit Card,2.0,399.53,False
3410,4411,Laptop,Books,15.05,17,5.6,2023-10-27,East,Cash,2.0,0.74,False
3411,4412,Phone,Electronics,61.01,11,23.6,2022-04-06,South,Cash,3.0,686.25,False
3412,4413,Camera,Sports,6.24,16,5.5,2022-02-17,South,Cash,2.0,97.0,False
3413,4414,Tablet,Books,16.25,15,0.7,2022-02-04,West,PAYPAL,4.0,516.73,False
3414,4415,Monitor,Home,216.78,17,35.3,2022-01-02,North,credit card,1.0,15.01,False
3415,4416,Camera,Electronics,22.41,5,5.3,2023-07-11,South,Credit Card,3.0,27.74,False
3416,4417,Headphones,Electronics,114.38,12,15.5,2023-09-17,East,PayPal,4.0,332.5,False
3417,4418,Laptop,Sports,65.87,4,7.8,2023-05-09,South,Cash,4.0,371.22,False
3418,4419,Phone,Books,24.28,5,5.3,2023-12-22,South,Credit Card,1.0,448.43,False
3419,4420,Laptop,Clothing,15.82,16,12.6,2023-03-09,East,credit card,1.0,484.0,False
3420,4421,Keyboard,Home,11397.918581155414,19,5.2,2024-12-01,West,Credit Card,5.0,153.21,False
3421,4422,Headphones,Sports,106.1,12,30.1,2024-04-23,East,Cash,2.0,473.41,False
3422,4423,Phone,Food,11.95,15,15.5,2024-06-29,East,PayPal,3.0,21.11,False
3423,4424,Keyboard,Electronics,47.13,11,15.5,2023-07-29,East,Cash,3.0,40.02,False
3424,4425,Other,Home,52.0,12,25.5,2024-05-16,East,credit card,,73.82,False
3425,4426,Keyboard,Books,65.66,6,30.2,2022-06-18,West,PayPal,4.0,339.01,False
3426,4427,Camera,Home,28.53,15,18.7,2023-04-07,South,Cash,4.0,132.04,False
3427,4428,Monitor,Books,17.42,6,1.1,2024-08-13,South,PAYPAL,2.0,525.15,False
3428,4429,Tablet,Home,44.11,16,34.3,2023-01-26,North,Credit Card,5.0,194.74,False
3429,4430,Phone,Home,71.56,14,9.5,2024-06-15,West,Cash,2.0,45.06,True
3430,4431,Phone,Electronics,844.6,13,39.6,2022-06-27,East,Cash,5.0,847.79,True
3431,4432,Laptop,Home,296.54,11,34.6,2024-10-25,South,Credit Card,3.0,240.31,False
3432,4433,Monitor,Food,25.9,3,39.2,2022-01-04,North,credit card,1.0,1083.19,False
3433,4434,Tablet,Sports,12.29,5,39.6,2022-09-29,North,credit card,1.0,46.17,False
3434,4435,Tablet,Clothing,61.32,8,1.0,2023-01-12,South,Credit Card,1.0,544.06,False
3435,4436,Keyboard,Food,44.61,11,20.1,2022-01-02,East,PayPal,5.0,40.52,False
3436,4437,Headphones,Sports,36.72,3,19.7,2022-01-06,South,credit card,4.0,135.8,False
3437,4438,Tablet,Clothing,58.79,1,13.1,2024-03-05,West,Credit Card,1.0,248.16,False
3438,4439,Tablet,Electronics,49.29,3,27.0,2022-05-15,West,credit card,5.0,170.73,False
3439,4440,Tablet,Electronics,14.43,13,0.4,2022-04-05,North,Cash,4.0,17.4,False
3440,4441,Headphones,Clothing,46.0,10,16.3,2022-03-07,South,Cash,4.0,119.26,False
3441,4442,Keyboard,Sports,441.81,17,31.3,2022-03-13,North,Cash,5.0,86.57,False
3442,4443,Tablet,Books,77.01,7,10.8,2024-10-21,North,PayPal,2.0,5.91,False
3443,4444,Monitor,Electronics,,8,28.2,2024-10-12,South,Credit Card,1.0,183.85,False
3444,4445,Laptop,Home,37.39,2,2.0,2023-01-04,East,PAYPAL,3.0,52.54,False
3445,4446,Headphones,Sports,17.09,16,14.3,2024-04-03,North,Cash,3.0,112.15,False
3446,4447,Laptop,Home,28.83,7,22.3,2022-03-17,East,PayPal,5.0,355.52,False
3447,4448,Camera,Electronics,49.18,16,1.2,2024-12-24,North,PayPal,4.0,200.99,False
3448,4449,Other,Electronics,83.76,1,27.1,2024-08-06,East,PayPal,4.0,773.15,False
3449,4450,Phone,Home,165.57,7,2.8,2022-02-19,East,Credit Card,3.0,578.08,False
3450,4451,Headphones,Sports,129.85,1,38.3,2024-04-10,North,Credit Card,4.0,351.46,False
3451,4452,Phone,Clothing,24.32,5,2.4,2024-07-26,South,Credit Card,1.0,337.34,False
3452,4453,Tablet,Sports,87.39,17,39.2,2024-02-25,West,PAYPAL,4.0,28.44,False
3453,4454,Phone,Sports,78.33,19,4.0,2022-05-23,East,PayPal,5.0,19.39,False
3454,4455,Headphones,Clothing,60.34,19,22.9,2023-01-17,North,PAYPAL,3.0,433.36,False
3455,4456,Camera,Sports,23.91,6,33.2,2024-08-25,West,Cash,4.0,344.51,False
3456,4457,,Electronics,75.59,12,16.6,2022-02-19,West,Cash,1.0,193.79,False
3457,4458,Tablet,Sports,26.63,3,2.8,2022-05-15,East,PayPal,3.0,270.78,False
3458,4459,Monitor,Books,216.18,19,1.3,2024-04-12,West,Credit Card,4.0,335.07,False
3459,4460,Monitor,Sports,40.39,6,37.4,2022-04-29,West,PAYPAL,4.0,36.97,False
3460,4461,Headphones,Food,50.38,19,22.0,2024-09-26,East,Credit Card,5.0,493.68,True
3461,4462,Laptop,Food,10.52,7,1.2,2023-01-19,North,Credit Card,3.0,1129.36,False
3462,4463,Phone,Clothing,89.66,3,5.4,2024-06-03,West,PayPal,2.0,14.29,False
3463,4464,Headphones,Home,21.13,8,28.0,2022-12-06,North,Credit Card,3.0,509.81,False
3464,4465,Keyboard,Home,32.63,13,1.8,2022-04-18,West,PAYPAL,1.0,204.72,False
3465,4466,Tablet,Home,18.06,18,11.7,2022-01-19,East,credit card,1.0,759.56,False
3466,4467,Laptop,Electronics,45.56,500,19.8,2022-08-22,South,credit card,5.0,270.89,False
3467,4468,Monitor,Books,57.33,13,14.4,2023-05-19,West,Credit Card,5.0,665.68,False
3468,4469,Phone,Electronics,106.88,3,10.3,2024-03-13,East,PayPal,4.0,47.97,False
3469,4470,Keyboard,Sports,13.99,2,5.1,2023-02-16,North,Credit Card,5.0,1.56,False
3470,4471,Laptop,Food,28.41,11,3.4,2023-08-28,West,Cash,3.0,232.22,False
3471,4472,Tablet,Sports,22.65,5,33.3,2024-04-26,North,PayPal,5.0,68.81,False
3472,4473,Camera,Sports,85.22,16,39.5,2023-10-23,East,PayPal,2.0,505.71,False
3473,4474,Keyboard,Electronics,15.38,16,3.7,2022-04-07,West,Credit Card,5.0,305.07,False
3474,4475,Laptop,Electronics,76.73,17,18.2,2022-06-30,South,PAYPAL,2.0,12.0,False
3475,4476,Phone,Sports,31.97,17,8.4,2022-11-09,West,Cash,,346.4,False
3476,4477,Other,Electronics,23.44,19,14.9,2022-08-19,South,PAYPAL,4.0,549.89,False
3477,4478,Monitor,Books,16.86,19,33.0,2024-02-29,West,PAYPAL,1.0,229.43,False
3478,4479,Phone,Sports,71.53,6,26.9,2023-09-07,South,Credit Card,5.0,72.47,False
3479,4480,Headphones,Clothing,25.7,8,37.3,2022-09-04,West,PAYPAL,3.0,127.69,False
3480,4481,Laptop,Electronics,64.55,18,2.4,2024-09-12,South,Credit Card,5.0,104.07,False
3481,4482,Headphones,Books,97.69,5,38.3,2024-06-18,North,credit card,4.0,393.8,False
3482,4483,Camera,Sports,568.67,18,6.2,2023-12-24,North,Credit Card,2.0,325.6,True
3483,4484,Tablet,Electronics,34.59,3,13.3,2023-04-26,North,PayPal,2.0,22.41,False
3484,4485,Phone,Clothing,46.23,1,14.8,2023-11-04,South,PayPal,1.0,541.74,False
3485,4486,Monitor,Home,117.81,6,15.1,2022-07-31,East,Credit Card,2.0,417.86,False
3486,4487,Laptop,Books,64.68,3,29.9,2023-03-09,North,Credit Card,1.0,477.0,True
3487,4488,Headphones,Books,38.08,9,3.6,2022-01-29,South,Credit Card,4.0,128.54,False
3488,4489,Headphones,Clothing,9.17,13,25.3,2023-04-11,East,credit card,2.0,172.92,False
3489,4490,Monitor,Sports,86.16,16,22.8,2024-03-25,East,PayPal,3.0,183.62,False
3490,4491,Headphones,Sports,6.67,11,40.0,2022-10-14,North,credit card,2.0,113.56,False
3491,4492,Keyboard,Electronics,6.43,16,23.8,2022-09-24,North,Cash,2.0,319.7,False
3492,4493,Phone,Clothing,85.99,7,17.8,2024-12-13,South,credit card,5.0,626.12,False
3493,4494,Camera,Clothing,36.69,17,10.5,2022-06-14,East,PayPal,2.0,83.64,False
3494,4495,Keyboard,Home,15.07,11,28.3,2022-02-03,North,PayPal,1.0,1128.28,True
3495,4496,Laptop,Sports,31.52,2,1.7,2023-10-19,North,PayPal,2.0,291.11,False
3496,4497,Keyboard,Food,171.19,500,28.1,2023-10-30,North,Credit Card,5.0,524.53,False
3497,4498,Tablet,Clothing,50.51,18,35.2,2024-04-15,West,Credit Card,2.0,282.84,False
3498,4499,Headphones,Clothing,240.83,1,17.7,2024-12-24,West,PayPal,3.0,329.51,False
3499,4500,Headphones,Books,300.83,7,23.2,2023-08-18,West,Cash,5.0,75.23,False
3500,4501,Camera,Clothing,7.73,17,23.1,2023-06-14,South,PayPal,1.0,153.17,False
3501,4502,Keyboard,Food,16.24,11,6.7,2022-08-07,North,Cash,,231.24,False
3502,4503,Camera,Clothing,156.27,18,12.2,2024-11-08,South,credit card,4.0,242.89,False
3503,4504,Headphones,Home,73.45,13,22.0,2023-10-30,East,credit card,4.0,411.68,False
3504,4505,Tablet,Food,127.76,6,12.4,2024-10-16,East,Credit Card,1.0,713.47,False
3505,4506,Monitor,Electronics,69.66,16,8.3,2022-09-26,North,PayPal,1.0,332.46,False
3506,4507,Monitor,Sports,102.74,5,34.2,2024-10-27,North,credit card,5.0,474.09,False
3507,4508,Monitor,Food,40.69,19,23.4,2024-11-17,North,credit card,5.0,0.54,True
3508,4509,Phone,Electronics,41.29,5,18.7,2023-08-20,North,PAYPAL,2.0,549.72,False
3509,4510,Phone,Clothing,45.67,15,29.8,2022-01-28,West,Credit Card,3.0,83.92,False
3510,4511,Camera,Electronics,16.96,2,5.2,2022-09-21,North,PayPal,3.0,64.94,False
3511,4512,Phone,Food,321.13,14,39.0,2022-08-13,South,Credit Card,1.0,181.11,False
3512,4513,Camera,Books,4.38,12,37.4,2023-08-24,East,credit card,4.0,218.7,True
3513,4514,Monitor,Books,82.93,10,37.1,2023-06-26,North,PayPal,3.0,284.26,False
3514,4515,Laptop,Electronics,44.05,11,22.7,2022-04-16,North,Cash,5.0,496.16,False
3515,4516,Tablet,Sports,15.48,10,36.7,2024-12-07,East,PayPal,1.0,199.43,False
3516,4517,Camera,Books,71.35,3,22.6,2022-11-18,East,credit card,3.0,102.76,False
3517,4518,Camera,Home,94.62,7,2.8,2022-01-19,West,Credit Card,1.0,261.32,False
3518,4519,Camera,Food,39.02,10,36.7,2024-05-22,West,PayPal,5.0,296.82,False
3519,4520,Phone,Books,143.61,7,11.5,2022-12-19,North,Cash,5.0,13.83,False
3520,4521,Tablet,Sports,57.07,13,25.3,2024-09-03,North,credit card,5.0,18.59,False
3521,4522,Laptop,Home,147.77,6,32.5,2022-08-19,East,Credit Card,1.0,1118.7,False
3522,4523,Camera,Books,79.31,10,18.6,2023-06-17,North,credit card,5.0,672.83,False
3523,4524,Phone,Electronics,29.89,4,24.7,2024-12-14,South,credit card,2.0,115.8,False
3524,4525,Headphones,Clothing,40.86,11,20.3,2024-12-24,North,Credit Card,2.0,349.64,False
3525,4526,Laptop,Home,15.06,17,15.7,2022-08-01,West,Credit Card,4.0,150.5,False
3526,4527,Camera,Home,80.76,1,32.7,2024-07-20,North,PAYPAL,3.0,148.17,False
3527,4528,Other,Books,39.43,2,17.1,2022-08-14,North,Credit Card,3.0,397.78,False
3528,4529,Phone,Sports,15.39,7,11.6,2024-08-19,West,credit card,3.0,539.17,False
3529,4530,Keyboard,Books,191.66,1,16.6,2024-08-18,South,PayPal,4.0,515.6,False
3530,4531,Headphones,Clothing,12.54,14,28.8,2024-12-11,North,Credit Card,1.0,37.73,False
3531,4532,Camera,Sports,67.52,11,21.2,2024-01-25,North,Credit Card,1.0,70.56,False
3532,4533,Keyboard,Sports,18.98,16,37.1,2022-06-28,North,Credit Card,3.0,340.12,True
3533,4534,Other,Sports,8.69,3,10.3,2023-03-22,East,credit card,5.0,479.18,False
3534,4535,Headphones,Books,196.54,15,4.8,2022-08-11,West,PayPal,3.0,82.66,False
3535,4536,Tablet,Home,13.42,16,7.6,2023-01-23,East,Credit Card,5.0,895.37,False
3536,4537,Monitor,Sports,18.4,18,30.2,2024-01-26,North,credit card,5.0,282.51,False
3537,4538,Phone,Home,8.66,13,33.1,2023-07-20,West,PayPal,2.0,18.97,False
3538,4539,Other,Clothing,20.18,6,37.3,2024-10-29,West,credit card,5.0,21.0,False
3539,4540,Headphones,Food,22.43,7,17.5,2023-12-09,West,credit card,2.0,579.61,True
3540,4541,Monitor,Clothing,,1,,2022-02-08,East,PAYPAL,1.0,22.5,False
3541,4542,Monitor,Food,444.92,18,7.7,2024-09-24,West,PayPal,5.0,1318.39,False
3542,4543,Phone,Books,22.78,1,10.1,2022-10-20,North,credit card,5.0,15.63,False
3543,4544,Laptop,Home,40.44,3,1.3,2024-03-27,North,PayPal,3.0,831.22,False
3544,4545,Laptop,Electronics,82.69,8,23.0,2024-04-13,West,Credit Card,3.0,231.8,False
3545,4546,Tablet,Food,9.61,7,31.9,2023-09-21,North,PayPal,4.0,12.97,False
3546,4547,Keyboard,Sports,159.3,11,17.8,2023-01-16,North,Credit Card,1.0,125.83,False
3547,4548,Tablet,Books,93.8,5,19.7,2024-05-25,West,Credit Card,3.0,398.28,False
3548,4549,Camera,Clothing,250.41,12,1.8,2022-09-15,South,Cash,1.0,3.58,False
3549,4550,Other,Home,24.07,7,4.9,2024-05-20,South,PayPal,4.0,18.12,False
3550,4551,Headphones,Food,66.33,19,26.6,2024-02-17,West,PayPal,2.0,140.77,False
3551,4552,Keyboard,Electronics,14.35,14,31.7,2022-06-12,North,PayPal,2.0,506.61,True
3552,4553,Camera,Electronics,168.35,500,35.6,2022-10-06,West,PAYPAL,3.0,128.1,False
3553,4554,Keyboard,Clothing,84.82,2,29.5,2022-01-27,North,PayPal,1.0,43.0,True
3554,4555,Phone,Home,73.3,4,10.2,2023-08-14,West,Cash,4.0,17.71,False
3555,4556,Other,Sports,96.0,16,,2023-07-30,North,Cash,5.0,186.95,False
3556,4557,Camera,Clothing,300.18,5,28.7,2022-03-18,South,Cash,1.0,193.79,False
3557,4558,Other,Sports,112.05,9,25.1,2024-03-04,East,PayPal,5.0,118.0,False
3558,4559,Laptop,Books,22.19,15,34.6,2022-04-26,West,credit card,3.0,112.34,False
3559,4560,Other,Home,49.75,9,2.5,2023-04-02,South,PayPal,3.0,9.89,True
3560,4561,Keyboard,Electronics,49.18,3,38.7,2022-05-28,South,Cash,3.0,356.66,False
3561,4562,Phone,Home,7.09,19,16.5,2023-10-03,South,PAYPAL,3.0,331.74,False
3562,4563,Laptop,Clothing,45.57,11,13.9,2022-03-26,West,credit card,4.0,92.57,False
3563,4564,Headphones,Food,123.32,3,12.1,2022-11-09,North,Cash,3.0,10.28,False
3564,4565,Headphones,Books,52.82,19,22.2,2023-11-04,East,PAYPAL,2.0,645.78,False
3565,4566,Monitor,Sports,116.32,8,25.5,2024-09-08,North,PAYPAL,1.0,538.51,False
3566,4567,Phone,Sports,84.74,3,15.3,2023-01-13,East,credit card,5.0,58.81,False
3567,4568,,Books,53.65,6,7.7,2022-04-05,South,PAYPAL,4.0,66.34,False
3568,4569,Phone,Clothing,159.87,13,16.4,2023-09-20,South,PayPal,3.0,548.68,False
3569,4570,Laptop,Sports,27.44,11,29.6,2022-12-23,East,Cash,4.0,411.72,False
3570,4571,Camera,Clothing,50.22,5,2.1,2024-02-23,North,credit card,5.0,542.05,False
3571,4572,Headphones,Books,52.73,6,12.2,2023-02-13,North,Cash,3.0,727.26,False
3572,4573,Laptop,Sports,9.4,14,19.7,2022-10-28,South,Cash,3.0,119.89,False
3573,4574,Laptop,Books,103.99,8,14.6,2024-05-26,North,PayPal,2.0,83.22,False
3574,4575,Other,Food,25.07,11,1.9,2023-06-01,East,credit card,1.0,143.62,False
3575,4576,Monitor,Food,58.15,15,11.4,2022-01-18,South,PayPal,3.0,233.76,False
3576,4577,Headphones,Home,19.73,16,2.4,2023-12-14,East,PayPal,5.0,44.73,True
3577,4578,Headphones,Clothing,105.47,2,4.8,2022-03-06,West,PayPal,4.0,271.83,False
3578,4579,Headphones,Sports,28.2,5,21.6,2024-05-15,South,PayPal,5.0,376.11,False
3579,4580,Headphones,Electronics,122.2,7,15.2,2024-08-01,East,Credit Card,4.0,80.28,False
3580,4581,Laptop,Home,79.17,3,28.0,2022-10-30,South,Credit Card,1.0,291.96,False
3581,4582,Camera,Electronics,15.63,7,4.5,2023-08-08,West,PayPal,3.0,324.94,False
3582,4583,Phone,Sports,101.12,9,17.3,2023-12-27,North,credit card,5.0,87.17,False
3583,4584,Phone,Sports,52.93,15,39.1,2023-04-10,North,credit card,1.0,420.72,False
3584,4585,Keyboard,Food,38.92,14,22.7,2024-07-07,West,PayPal,,503.78,False
3585,4586,Keyboard,Food,102.94,3,39.5,2023-07-09,South,credit card,5.0,254.29,True
3586,4587,Phone,Home,82.45,8,10.7,2022-08-14,North,Credit Card,4.0,65.16,False
3587,4588,Laptop,Home,57.3,19,10.8,2022-12-05,North,Credit Card,5.0,419.22,False
3588,4589,Laptop,Books,28.33,16,2.1,2023-10-15,East,Cash,1.0,14.96,False
3589,4590,Keyboard,Sports,158.34,2,32.0,2023-10-30,West,PayPal,2.0,72.12,False
3590,4591,Monitor,Clothing,143.41,15,39.3,2023-12-23,North,Cash,3.0,312.06,False
3591,4592,Monitor,Food,34.64,4,18.3,2023-07-14,North,Credit Card,4.0,535.35,False
3592,4593,Headphones,Sports,164.9,11,39.1,2023-10-26,West,Credit Card,1.0,1201.17,False
3593,4594,Headphones,Food,54.94,17,22.4,2023-06-11,East,credit card,4.0,592.14,False
3594,4595,Headphones,Sports,20.49,15,19.6,2024-05-02,West,credit card,3.0,57.85,False
3595,4596,Keyboard,Sports,102.44,11,25.2,2023-09-06,West,PayPal,1.0,347.05,False
3596,4597,Keyboard,Sports,29.13,17,36.5,2024-05-01,West,PayPal,2.0,514.42,False
3597,4598,Tablet,Electronics,35.37,10,14.3,2024-05-18,North,PayPal,3.0,136.77,True
3598,4599,Phone,Home,34.85,5,27.2,2023-01-30,West,Credit Card,2.0,433.51,False
3599,4600,Tablet,Electronics,41.55,11,36.5,2024-11-04,North,Cash,2.0,76.93,False
3600,4601,Keyboard,Sports,,17,35.2,2023-03-29,East,PayPal,3.0,58.64,False
3601,4602,Headphones,Clothing,78.83,17,12.8,2023-04-19,East,Cash,3.0,82.8,False
3602,4603,Headphones,Food,278.59,6,16.8,2024-11-01,North,PayPal,2.0,72.34,False
3603,4604,Camera,Clothing,28.79,11,21.4,2024-03-27,North,Credit Card,3.0,581.29,False
3604,4605,Laptop,Books,21.45,3,7.7,2024-11-27,North,PayPal,1.0,48.81,False
3605,4606,Phone,Home,19.99,10,0.6,2022-06-18,North,credit card,1.0,80.59,False
3606,4607,Tablet,Clothing,28.02,15,7.5,2022-10-19,East,Credit Card,4.0,127.2,False
3607,4608,Laptop,Electronics,60.69,10,3.5,2022-03-15,East,Cash,4.0,123.21,False
3608,4609,Monitor,Food,84.45,6,22.5,2022-08-12,South,Cash,2.0,11.83,False
3609,4610,Other,Books,148.89,12,2.7,2023-07-18,West,PAYPAL,4.0,785.77,False
3610,4611,Camera,Clothing,115.74,4,38.3,2023-09-07,East,Credit Card,2.0,279.1,False
3611,4612,Camera,Electronics,29.66,15,11.4,2022-08-11,North,PayPal,2.0,431.72,True
3612,4613,Monitor,Clothing,24.74,8,23.6,2022-10-12,South,PAYPAL,4.0,82.17,False
3613,4614,Monitor,Electronics,36.24,19,21.5,2023-10-20,West,PAYPAL,5.0,510.59,True
3614,4615,Phone,Home,61.94,18,0.9,2023-01-14,West,Cash,3.0,286.34,False
3615,4616,Laptop,Home,4.87,12,3.0,2024-03-15,South,credit card,3.0,590.97,False
3616,4617,Headphones,Electronics,198.63,16,23.5,2023-11-10,West,Credit Card,4.0,,False
3617,4618,Phone,Home,405.78,500,23.6,2023-02-09,East,Cash,4.0,504.39,False
3618,4619,Headphones,Food,636.08,6,6.5,2022-11-29,East,PayPal,3.0,248.33,False
3619,4620,Tablet,Food,81.63,11,30.2,2023-07-11,North,PAYPAL,4.0,140.8,False
3620,4621,Monitor,Food,27.95,2,28.1,2024-07-07,North,Cash,4.0,172.16,False
3621,4622,Phone,Home,24.01,4,34.2,2024-05-02,North,Cash,3.0,321.91,False
3622,4623,Laptop,Clothing,223.59,16,11.1,2023-06-15,North,PAYPAL,4.0,195.7,False
3623,4624,Keyboard,Food,18.46,4,37.4,2023-10-30,East,PAYPAL,2.0,532.31,False
3624,4625,Monitor,Books,179.09,17,15.5,2023-02-20,East,PayPal,1.0,564.69,False
3625,4626,Monitor,Books,105.88,4,27.5,2024-04-12,North,PAYPAL,5.0,19.18,False
3626,4627,Laptop,Electronics,25.61,1,11.7,2024-06-12,East,Cash,1.0,322.52,False
3627,4628,Phone,Sports,23.58,14,35.9,2023-06-23,South,Cash,4.0,258.11,False
3628,4629,Phone,Food,60.57,3,2.6,2023-06-30,East,Credit Card,4.0,465.96,False
3629,4630,Headphones,Home,24.4,5,5.5,2023-12-30,East,credit card,4.0,17.04,False
3630,4631,Camera,Books,9.72,4,33.6,2024-12-26,East,credit card,5.0,56.94,False
3631,4632,Keyboard,Sports,41.16,11,27.3,2022-08-05,East,PayPal,2.0,200.29,False
3632,4633,Keyboard,Food,43.81,15,11.8,2023-05-17,South,PayPal,2.0,287.89,False
3633,4634,Laptop,Food,116.66,16,37.5,2022-05-22,North,Credit Card,3.0,229.97,False
3634,4635,Headphones,Clothing,92.12,17,23.3,2023-05-19,North,Credit Card,3.0,337.07,False
3635,4636,Monitor,Clothing,15.59,18,22.5,2024-06-19,North,credit card,4.0,329.52,False
3636,4637,Other,Electronics,53.61,4,23.5,2022-06-29,West,credit card,2.0,431.5,False
3637,4638,Phone,Food,58.55,17,14.6,2024-09-25,South,PayPal,1.0,1243.84,False
3638,4639,Laptop,Electronics,31.12,18,5.4,2023-02-08,West,Cash,3.0,186.42,False
3639,4640,Tablet,Electronics,12.17,15,33.6,2023-02-21,West,Credit Card,2.0,339.0,False
3640,4641,Monitor,Books,38.39,12,8.6,2022-05-22,West,Cash,3.0,589.72,True
3641,4642,Monitor,Clothing,65.49,11,2.1,2023-07-10,North,PayPal,2.0,388.14,False
3642,4643,Camera,Books,160.71,5,5.6,2024-09-02,North,PAYPAL,5.0,593.4,False
3643,4644,Monitor,Electronics,240.77,1,30.9,2024-01-07,West,Credit Card,,457.86,True
3644,4645,Monitor,Food,362.41,4,37.2,2024-04-11,North,Credit Card,3.0,95.12,False
3645,4646,Camera,Home,22.26,6,30.9,2023-09-09,South,PayPal,1.0,71.81,False
3646,4647,Keyboard,Clothing,28.87,18,2.5,2022-06-24,West,PAYPAL,5.0,762.7,False
3647,4648,Headphones,Food,10.93,12,38.8,2023-04-07,North,PAYPAL,5.0,12.18,False
3648,4649,Phone,Books,19.39,17,28.2,2024-07-25,East,PayPal,5.0,209.66,False
3649,4650,Monitor,Sports,64.28,6,14.9,2023-10-22,West,PAYPAL,3.0,132.75,True
3650,4651,Keyboard,Food,84.08,6,22.7,2022-06-30,South,Cash,5.0,381.16,False
3651,4652,Laptop,Food,85.54,11,9.7,2023-01-16,West,Cash,1.0,295.69,True
3652,4653,Laptop,Home,70.96,6,15.3,2022-01-21,West,PayPal,3.0,379.17,False
3653,4654,Camera,Electronics,70.99,19,7.7,2024-10-13,East,Credit Card,1.0,50.4,False
3654,4655,Monitor,Food,22.66,3,30.7,2024-08-14,North,PayPal,1.0,70.8,False
3655,4656,Camera,Clothing,15.56,11,30.2,2022-01-02,South,PayPal,2.0,140.59,False
3656,4657,Laptop,Books,121.15,8,39.4,2023-09-17,West,credit card,1.0,908.89,False
3657,4658,Laptop,Sports,163.18,16,9.7,2024-06-07,North,PayPal,5.0,367.72,False
3658,4659,Laptop,Books,118.22,10,6.8,2024-03-26,West,Credit Card,2.0,275.11,False
3659,4660,Phone,Electronics,68.01,7,6.5,2024-07-16,West,Cash,1.0,464.36,False
3660,4661,Other,Clothing,122.05,18,23.2,2024-04-08,West,Cash,3.0,463.58,False
3661,4662,Phone,Books,19.68,19,24.7,2024-12-26,North,Credit Card,2.0,599.79,False
3662,4663,Tablet,Electronics,605.38,5,31.3,2024-12-02,East,Cash,1.0,657.42,False
3663,4664,Monitor,Clothing,13.3,1,37.7,2022-01-14,West,Credit Card,3.0,160.64,False
3664,4665,Laptop,Home,246.62,9,15.6,2022-05-19,North,Cash,2.0,81.5,False
3665,4666,Tablet,Electronics,22.5,9,1.7,2022-03-13,South,PAYPAL,4.0,3.86,False
3666,4667,Tablet,Books,8.9,1,21.8,2024-08-16,East,Cash,5.0,110.58,False
3667,4668,Headphones,Clothing,27.27,17,29.9,2024-09-13,West,Cash,3.0,848.3,False
3668,4669,Camera,Home,3.47,2,22.5,2024-02-25,East,Credit Card,3.0,148.36,False
3669,4670,Keyboard,Clothing,54.78,17,20.9,2022-07-12,South,Credit Card,4.0,127.35,False
3670,4671,Laptop,Electronics,43.29,11,14.9,2024-12-22,North,Credit Card,4.0,390.38,False
3671,4672,Tablet,Sports,181.23,1,31.8,2023-10-02,East,PAYPAL,3.0,30.88,False
3672,4673,Other,Home,54.77,3,15.5,2024-12-20,West,Cash,4.0,445.01,False
3673,4674,Laptop,Home,37.18,17,2.6,2023-10-14,West,Credit Card,3.0,777.66,False
3674,4675,Monitor,Home,62.01,3,3.0,2022-05-28,East,Cash,2.0,189.67,False
3675,4676,Keyboard,Books,23.73,4,13.1,2023-12-02,West,Cash,3.0,250.13,False
3676,4677,Headphones,Clothing,182.89,7,20.3,2023-11-24,South,credit card,,538.43,False
3677,4678,Monitor,Home,28.53,1,38.5,2023-04-17,West,Credit Card,2.0,201.05,False
3678,4679,Headphones,Clothing,41.54,17,37.2,2022-03-27,South,PayPal,3.0,274.06,False
3679,4680,Headphones,Books,25.17,13,4.6,2024-11-23,West,PayPal,2.0,270.26,False
3680,4681,Other,Home,1095.49,18,8.9,2024-03-26,West,PayPal,4.0,1004.6,False
3681,4682,Other,Home,14.45,19,34.2,2024-09-23,South,PayPal,3.0,0.51,False
3682,4683,Headphones,Sports,119.48,3,27.3,2023-03-28,South,PayPal,1.0,392.19,False
3683,4684,Monitor,Electronics,123.12,19,28.4,2023-11-03,North,Credit Card,2.0,17.18,False
3684,4685,Laptop,Books,26.82,7,3.1,2022-09-09,South,credit card,4.0,12.05,False
3685,4686,Laptop,Electronics,39.5,1,38.3,2022-06-13,South,credit card,4.0,405.24,False
3686,4687,Tablet,Electronics,13.58,10,9.7,2023-12-29,North,credit card,4.0,1295.0,False
3687,4688,Phone,Clothing,21.48,9,0.2,2024-10-20,West,PAYPAL,2.0,426.82,False
3688,4689,Monitor,Clothing,86.8,14,33.3,2022-04-05,West,Cash,3.0,23.11,False
3689,4690,Other,Electronics,468.32,11,20.4,2024-03-31,North,Credit Card,1.0,94.29,False
3690,4691,Tablet,Clothing,28.4,16,7.5,2022-12-29,South,Credit Card,5.0,4.75,False
3691,4692,Keyboard,Books,37.73,3,24.9,2024-11-28,East,PayPal,2.0,502.4,False
3692,4693,Keyboard,Home,108.52,9,10.4,2023-08-15,North,Cash,4.0,10.97,True
3693,4694,Keyboard,Food,17.86,7,35.6,2023-09-18,South,PayPal,4.0,3.06,False
3694,4695,Keyboard,Books,422.34,9,19.1,2023-02-02,East,Cash,4.0,135.26,False
3695,4696,Phone,Sports,73.42,10,38.4,2024-02-12,South,Cash,4.0,166.26,False
3696,4697,Tablet,Clothing,359.64,18,11.1,2024-12-17,West,PAYPAL,4.0,973.37,False
3697,4698,Laptop,Sports,201.83,4,11.0,2024-04-04,South,PAYPAL,3.0,24.98,False
3698,4699,Phone,Clothing,51.14,10,38.1,2024-08-22,East,Credit Card,5.0,99.41,False
3699,4700,Monitor,Electronics,94.58,12,9.3,2024-08-20,South,Credit Card,2.0,286.5,False
3700,4701,Laptop,Food,24.16,11,18.0,2023-07-19,West,Credit Card,2.0,778.15,False
3701,4702,Headphones,Home,97.7,6,12.8,2022-07-18,North,Credit Card,1.0,5.5,False
3702,4703,Camera,Electronics,10.78,3,2.0,2023-09-03,East,PayPal,3.0,516.9,True
3703,4704,Laptop,Clothing,30.46,3,14.3,2023-10-24,West,Credit Card,1.0,508.58,False
3704,4705,Keyboard,Food,56.81,12,19.5,2022-07-29,North,Credit Card,3.0,42.48,False
3705,4706,Keyboard,Food,24.82,5,25.5,2023-07-03,West,PAYPAL,1.0,218.91,False
3706,4707,Keyboard,Sports,,5,25.5,2024-11-15,North,PayPal,5.0,654.62,False
3707,4708,Phone,Home,291.52,9,10.7,2024-02-23,North,Credit Card,3.0,313.86,False
3708,4709,Other,Books,18.21,8,19.7,2022-11-17,North,Cash,5.0,138.56,False
3709,4710,Camera,Electronics,94.54,14,34.1,2022-01-25,South,Credit Card,3.0,2089.23,False
3710,4711,Headphones,Sports,39.41,3,9.1,2024-04-04,South,credit card,4.0,222.19,True
3711,4712,Other,Sports,66.86,11,10.8,2022-12-24,South,Cash,,58.69,False
3712,4713,Laptop,Electronics,11.66,9,21.4,2022-05-14,North,credit card,5.0,532.71,False
3713,4714,,Home,36.59,1,4.8,2024-01-07,North,PAYPAL,3.0,28.09,False
3714,4715,Monitor,Clothing,20.86,16,0.1,2022-10-22,South,PayPal,3.0,53.74,False
3715,4716,Laptop,Books,136.52,17,31.3,2022-09-02,East,Credit Card,5.0,71.22,False
3716,4717,Keyboard,Home,25.63,13,2.1,2022-05-07,South,PayPal,1.0,487.68,False
3717,4718,Monitor,Food,66.16,2,29.7,2024-03-25,North,credit card,5.0,850.28,False
3718,4719,Phone,Sports,,6,23.0,2022-11-17,West,PAYPAL,5.0,533.42,False
3719,4720,Monitor,Home,117.45,16,25.3,2022-03-21,West,Credit Card,4.0,157.86,False
3720,4721,Phone,Sports,54.63,4,10.1,2024-08-14,South,Cash,2.0,352.88,False
3721,4722,Laptop,Sports,39.16,13,14.4,2023-09-11,South,Cash,5.0,48.65,False
3722,4723,Keyboard,Home,142.43,15,23.0,2023-01-24,South,Cash,4.0,203.0,False
3723,4724,Tablet,Sports,136.13,9,5.5,2023-06-01,South,Credit Card,5.0,895.9,False
3724,4725,Laptop,Electronics,54.68,3,13.9,2023-01-17,East,Credit Card,3.0,449.58,True
3725,4726,Camera,Books,18.83,3,12.9,2024-01-12,West,Cash,5.0,159.97,False
3726,4727,Tablet,Clothing,62.06,19,5.7,2022-10-08,East,PayPal,3.0,78.49,True
3727,4728,Other,Books,37034.6374979558,18,14.1,2023-06-26,East,PayPal,3.0,148.66,False
3728,4729,Laptop,Books,14.88,10,6.0,2023-12-09,West,credit card,1.0,352.21,False
3729,4730,Camera,Home,47.72,9,,2023-05-15,West,PAYPAL,4.0,226.21,False
3730,4731,Laptop,Home,77.59,3,16.6,2023-04-12,North,Credit Card,3.0,181.54,False
3731,4732,Keyboard,Electronics,33.38,11,5.8,2024-09-05,South,credit card,3.0,329.31,False
3732,4733,Headphones,Clothing,416.03,1,38.2,2022-11-09,East,credit card,4.0,420.91,False
3733,4734,Camera,Home,15.72,18,26.8,2023-08-01,North,Credit Card,3.0,46.26,True
3734,4735,Keyboard,Books,71.05,4,40.0,2022-10-01,North,credit card,1.0,112.44,False
3735,4736,Tablet,Electronics,28.71,8,24.6,2022-07-21,West,Cash,3.0,22.47,False
3736,4737,Headphones,Books,26.47,4,14.3,2024-02-06,North,Cash,1.0,382.87,False
3737,4738,Phone,Food,114.52,5,9.0,2022-09-09,North,credit card,1.0,201.44,False
3738,4739,Keyboard,Sports,230.67,7,34.5,2023-09-06,West,PayPal,2.0,16.14,False
3739,4740,Laptop,Food,15.28,15,25.8,2024-01-09,North,Credit Card,4.0,163.28,False
3740,4741,Keyboard,Books,42729.66570715549,13,19.2,2023-04-11,East,Credit Card,4.0,239.5,False
3741,4742,Monitor,Electronics,85.21,11,6.8,2022-08-29,South,PAYPAL,5.0,408.66,False
3742,4743,Tablet,Electronics,17.01,3,8.1,2024-01-23,East,Cash,1.0,7.97,False
3743,4744,Other,Home,19.94,1,19.9,2023-07-17,West,credit card,5.0,15.33,False
3744,4745,Headphones,Sports,38.84,6,9.7,2023-08-30,North,credit card,2.0,311.97,False
3745,4746,Other,Clothing,67.72,19,21.2,2022-07-21,North,Credit Card,4.0,507.95,False
3746,4747,Monitor,Electronics,21.09,18,31.0,2022-09-03,West,Credit Card,5.0,72.09,False
3747,4748,Phone,Home,345.7,1,12.4,2022-08-15,North,Credit Card,5.0,421.06,False
3748,4749,Headphones,Books,29.75,14,15.3,2024-01-12,East,Credit Card,4.0,255.81,False
3749,4750,Tablet,Electronics,61.31,6,20.2,2022-07-31,East,credit card,5.0,76.75,False
3750,4751,Headphones,Books,56.44,1000,16.1,2024-06-21,North,Credit Card,4.0,460.19,False
3751,4752,Monitor,Food,100.03,6,18.7,2024-01-20,East,Credit Card,2.0,30.91,False
3752,4753,Laptop,Clothing,70.53,9,28.4,2022-04-01,North,credit card,4.0,21.16,False
3753,4754,Phone,Food,103.94,6,26.8,2023-02-15,North,PAYPAL,1.0,35.68,False
3754,4755,Laptop,Books,19.62,2,32.9,2024-07-08,South,PAYPAL,4.0,352.08,False
3755,4756,Camera,Food,337.27,18,28.9,2022-09-24,West,PayPal,4.0,17.52,False
3756,4757,Tablet,Home,5.5,4,15.5,2022-09-17,West,PAYPAL,1.0,299.67,False
3757,4758,Keyboard,Electronics,64.29,19,10.7,2024-12-28,North,PayPal,1.0,105.19,False
3758,4759,Tablet,Clothing,72.3,17,4.0,2022-07-15,East,Cash,1.0,36.81,False
3759,4760,Other,Food,79.81,17,25.3,2022-01-26,South,PAYPAL,3.0,163.25,False
3760,4761,Keyboard,Electronics,5.68,1,14.7,2023-07-17,West,Cash,2.0,129.45,False
3761,4762,Headphones,Books,23.16,18,0.7,2022-08-15,West,Cash,1.0,974.95,False
3762,4763,Camera,Home,12.24,10,35.7,2022-05-11,South,Cash,4.0,397.53,False
3763,4764,,Sports,114.41,5,29.2,2024-03-23,East,PayPal,3.0,890.5,False
3764,4765,Camera,Electronics,7.01,8,23.5,2022-04-18,North,PayPal,2.0,452.81,False
3765,4766,Laptop,Books,13.62,7,27.9,2023-04-20,South,credit card,1.0,122.51,False
3766,4767,Headphones,Sports,26.49,2,9.8,2023-06-01,West,PayPal,2.0,126.99,False
3767,4768,Phone,Books,17.44,3,2.7,2024-10-20,East,credit card,1.0,169.62,False
3768,4769,Tablet,Electronics,60.23,11,1.2,2023-12-05,South,PAYPAL,4.0,483.9,False
3769,4770,Laptop,Sports,19.89,8,9.9,2024-10-04,North,credit card,4.0,1055.33,True
3770,4771,Headphones,Books,19.66,13,17.4,2023-05-26,South,PayPal,3.0,307.23,True
3771,4772,Tablet,Food,30.93,10,29.9,2022-08-14,East,PayPal,1.0,4.63,False
3772,4773,Headphones,Clothing,17.38,17,25.7,2024-09-29,West,PayPal,4.0,674.95,True
3773,4774,Tablet,Electronics,41.72,9,13.6,2022-07-09,West,PayPal,4.0,64.37,False
3774,4775,Camera,Books,23.25,1,23.0,2022-07-31,North,PayPal,5.0,208.05,False
3775,4776,Monitor,Electronics,13643.906101733788,19,28.0,2023-04-01,North,Credit Card,,245.53,False
3776,4777,Phone,Food,60.39,13,0.7,2022-01-01,East,Credit Card,2.0,29.53,False
3777,4778,Monitor,Sports,46.88,10,2.9,2023-03-02,East,PayPal,5.0,435.31,False
3778,4779,Phone,Sports,135.12,4,6.9,2023-11-13,South,Credit Card,1.0,698.77,False
3779,4780,Other,Sports,7.81,14,15.3,2024-09-16,South,Cash,3.0,148.64,False
3780,4781,Monitor,Home,414.77,10,39.6,2023-05-30,South,PayPal,2.0,23.83,False
3781,4782,Keyboard,Electronics,73.07,16,22.0,2023-11-14,East,Credit Card,2.0,87.18,False
3782,4783,Other,Clothing,71.26,5,17.6,2022-01-30,East,credit card,5.0,438.0,False
3783,4784,Laptop,Clothing,50.14,17,31.0,2024-09-01,North,Credit Card,4.0,578.42,False
3784,4785,Headphones,Clothing,33.39,18,32.1,2022-07-25,West,Cash,5.0,459.5,False
3785,4786,Other,Sports,38.25,16,22.0,2023-05-31,North,PayPal,2.0,524.56,False
3786,4787,Laptop,Electronics,61.01,17,35.2,2023-03-16,West,PayPal,4.0,258.03,False
3787,4788,Laptop,Sports,45.9,5,,2022-09-06,North,Credit Card,4.0,106.66,False
3788,4789,Tablet,Home,39.2,2,13.3,2022-06-05,South,Cash,4.0,636.28,False
3789,4790,Keyboard,Electronics,45.65,2,,2023-01-05,South,Credit Card,2.0,598.91,False
3790,4791,Monitor,Sports,31.21,19,14.6,2024-08-07,West,PayPal,2.0,395.0,False
3791,4792,Monitor,Sports,67.63,6,10.2,2022-12-24,East,credit card,4.0,698.28,False
3792,4793,Camera,Food,187.75,13,39.7,2024-04-05,South,PAYPAL,3.0,0.74,False
3793,4794,Phone,Books,44.29,15,23.4,2022-05-23,North,Credit Card,2.0,215.49,False
3794,4795,Phone,Electronics,171.76,17,16.5,2024-05-29,East,Credit Card,2.0,197.3,False
3795,4796,Phone,Electronics,16.15,12,7.5,2023-01-22,West,PayPal,1.0,127.77,False
3796,4797,Camera,Electronics,65.12,12,23.9,2022-05-14,South,Credit Card,1.0,14.11,False
3797,4798,Tablet,Books,127.89,14,2.9,2023-12-02,North,Credit Card,3.0,538.44,False
3798,4799,Camera,Books,24.13,13,4.4,2022-07-31,West,PAYPAL,5.0,1810.82,False
3799,4800,Other,Electronics,74.7,7,13.9,2022-06-17,West,Cash,,89.12,False
3800,4801,Phone,Clothing,14.3,6,9.4,2022-05-19,West,Cash,4.0,329.13,False
3801,4802,Tablet,Food,51.83,8,16.3,2024-05-18,West,credit card,2.0,636.63,False
3802,4803,Camera,Books,236.99,12,39.9,2023-08-27,North,Cash,4.0,76.08,False
3803,4804,Monitor,Electronics,22.8,9,,2022-10-11,South,Cash,1.0,349.68,False
3804,4805,Laptop,Clothing,31.79,1000,23.3,2023-12-25,West,PayPal,1.0,76.06,False
3805,4806,Tablet,Electronics,72.14,1,16.8,2022-05-27,South,Credit Card,2.0,189.25,False
3806,4807,Camera,Electronics,140.52,6,30.1,2022-07-11,North,Credit Card,4.0,70.96,False
3807,4808,Laptop,Clothing,7.27,18,22.5,2024-12-08,North,Credit Card,4.0,210.69,False
3808,4809,Keyboard,Home,32.73,14,9.8,2023-12-17,East,credit card,3.0,64.71,False
3809,4810,Camera,Food,68.91,10,23.8,2024-08-25,South,PayPal,2.0,28.52,False
3810,4811,Tablet,Clothing,70.72,6,27.0,2023-03-08,South,Credit Card,2.0,81.44,False
3811,4812,Tablet,Electronics,48.2,9,30.9,2023-11-05,East,Credit Card,4.0,28.44,False
3812,4813,Camera,Sports,32.44,12,22.4,2022-12-14,East,PayPal,3.0,148.26,False
3813,4814,Keyboard,Electronics,103.09,10,39.6,2022-07-27,East,PayPal,2.0,129.27,False
3814,4815,Camera,Books,46.15,19,31.3,2022-04-24,North,PayPal,4.0,13.45,False
3815,4816,Keyboard,Books,150.26,5,5.8,2023-05-27,South,Credit Card,5.0,73.16,False
3816,4817,Other,Books,41.64,1,20.0,2022-09-26,West,credit card,5.0,4.36,False
3817,4818,Tablet,Sports,7.02,5,23.0,2023-03-11,North,Cash,4.0,591.11,False
3818,4819,Laptop,Food,56.05,7,4.4,2022-12-14,North,credit card,3.0,306.5,False
3819,4820,Monitor,Food,55.76,11,34.6,2023-01-16,East,Credit Card,3.0,63.18,False
3820,4821,Phone,Food,61.01,7,8.9,2022-12-11,North,credit card,5.0,255.47,False
3821,4822,Headphones,Books,41.28,11,9.7,2023-04-24,South,Cash,1.0,213.48,False
3822,4823,Headphones,Home,9.2,7,37.0,2022-06-25,South,credit card,3.0,124.54,False
3823,4824,Keyboard,Home,24.67,5,14.4,2024-11-28,West,Cash,5.0,54.26,True
3824,4825,Headphones,Electronics,48.67,15,39.8,2023-08-18,West,Credit Card,1.0,74.89,False
3825,4826,Keyboard,Clothing,31.57,8,17.6,2022-12-03,North,Credit Card,2.0,157.62,False
3826,4827,Keyboard,Clothing,135.32,15,6.3,2023-11-19,South,Cash,5.0,105.02,False
3827,4828,Tablet,Books,70.95,10,34.0,2023-02-23,North,Cash,5.0,1305.17,False
3828,4829,Headphones,Home,21.21,14,22.3,2022-09-08,West,Credit Card,3.0,286.02,False
3829,4830,Tablet,Food,66.76,12,15.3,2023-10-29,West,Credit Card,2.0,85.27,False
3830,4831,Phone,Food,15.41,11,11.5,2024-12-12,West,PayPal,5.0,1183.12,False
3831,4832,Headphones,Food,146.19,8,29.6,2024-08-08,North,Credit Card,2.0,16.38,False
3832,4833,Monitor,Home,28.56,1,36.7,2024-07-23,East,Credit Card,5.0,831.62,False
3833,4834,Camera,Food,144.29,16,7.6,2024-08-23,South,Credit Card,4.0,282.44,False
3834,4835,Phone,Sports,90.33,10,16.9,2022-05-21,East,credit card,5.0,327.8,False
3835,4836,Phone,Sports,25.27,5,1.2,2022-12-11,South,PayPal,3.0,164.07,False
3836,4837,Headphones,Books,212.81,7,27.9,2023-02-15,North,Cash,4.0,71.31,False
3837,4838,Headphones,Clothing,11.3,17,21.0,2023-11-19,North,Credit Card,5.0,334.16,False
3838,4839,Phone,Sports,72.34,10,19.1,2022-05-17,South,Cash,2.0,38.61,False
3839,4840,Camera,Food,173.54,16,33.7,2022-08-30,East,PayPal,2.0,291.91,False
3840,4841,Tablet,Books,20.75,1,22.2,2023-11-17,South,PAYPAL,1.0,214.93,False
3841,4842,Laptop,Electronics,65.2,1,16.4,2022-08-02,West,Credit Card,1.0,834.25,False
3842,4843,Keyboard,Books,68.23,15,29.0,2023-12-01,North,credit card,3.0,3.78,False
3843,4844,Phone,Electronics,47.64,11,29.0,2023-02-28,East,Cash,5.0,155.99,False
3844,4845,Tablet,Home,37.8,8,6.4,2023-11-23,East,PayPal,1.0,387.78,False
3845,4846,Other,Electronics,29.76,4,22.0,2024-06-21,East,Cash,4.0,636.99,False
3846,4847,Headphones,Clothing,64.97,3,28.9,2022-10-19,North,PayPal,5.0,7.87,False
3847,4848,Keyboard,Food,136.56,1,28.4,2022-12-29,East,credit card,3.0,264.7,False
3848,4849,Monitor,Clothing,9.72,2,20.2,2023-03-22,East,PayPal,5.0,31.73,False
3849,4850,Keyboard,Clothing,36.84,3,1.7,2023-09-26,East,PayPal,4.0,733.02,False
3850,4851,Keyboard,Electronics,144.84,4,26.2,2024-05-29,West,PAYPAL,1.0,418.37,False
3851,4852,Tablet,Clothing,239.76,1,20.3,2022-08-07,North,credit card,1.0,7.56,False
3852,4853,Other,Home,97.55,8,10.7,2023-03-17,West,PAYPAL,,259.58,False
3853,4854,Other,Clothing,86.66,19,19.2,2023-01-16,North,Cash,3.0,53.81,False
3854,4855,Other,Home,358.56,11,19.3,2022-05-22,West,PAYPAL,1.0,1078.64,False
3855,4856,Monitor,Clothing,247.07,6,,2024-07-28,West,credit card,2.0,323.99,False
3856,4857,Tablet,Electronics,67.69,2,33.2,2023-09-24,West,credit card,1.0,298.57,False
3857,4858,Tablet,Clothing,212.8,7,23.4,2022-06-10,West,credit card,2.0,180.1,False
3858,4859,Camera,Books,66.66,15,27.4,2022-02-04,West,credit card,4.0,397.52,False
3859,4860,Keyboard,Sports,7.97,3,2.7,2024-09-14,West,Cash,2.0,56.31,False
3860,4861,Keyboard,Clothing,57.87,11,22.4,2023-11-17,North,Credit Card,1.0,317.39,False
3861,4862,,Food,22.01,13,38.0,2023-04-20,West,Cash,4.0,378.72,False
3862,4863,Keyboard,Food,44.07,2,27.6,2022-04-03,West,PayPal,3.0,374.15,False
3863,4864,Headphones,Clothing,38.41,5,29.2,2023-05-13,East,PAYPAL,4.0,78.24,False
3864,4865,Keyboard,Electronics,46.56,5,37.4,2023-04-04,North,PayPal,1.0,223.16,True
3865,4866,Monitor,Sports,9.96,6,21.1,2023-09-15,West,Cash,4.0,175.56,True
3866,4867,Phone,Clothing,83.47,10,13.8,2022-05-14,East,credit card,5.0,112.74,False
3867,4868,Camera,Sports,115.3,6,39.4,2023-11-29,East,PayPal,5.0,127.54,False
3868,4869,Keyboard,Food,196.14,2,30.8,2024-05-20,West,PayPal,5.0,460.44,False
3869,4870,Tablet,Clothing,28.36,12,9.0,2022-10-22,East,Credit Card,4.0,28.22,False
3870,4871,Phone,Clothing,313.33,19,8.5,2022-08-07,North,Credit Card,2.0,49.94,False
3871,4872,Laptop,Sports,46.81,7,27.3,2024-01-18,,credit card,3.0,309.31,False
3872,4873,Keyboard,Electronics,22.12,12,32.6,2024-01-17,South,Credit Card,2.0,246.24,False
3873,4874,Monitor,Food,41.06,18,24.9,2024-04-02,East,Credit Card,4.0,185.34,False
3874,4875,Phone,Food,52.95,7,23.0,2022-12-26,West,Credit Card,5.0,102.93,True
3875,4876,Tablet,Food,622.14,2,34.5,2024-09-14,North,PayPal,5.0,38.31,False
3876,4877,Phone,Food,13342.400817522343,5,15.7,2023-10-20,North,Credit Card,2.0,35.07,False
3877,4878,Camera,Home,21312.191953146306,8,16.0,2022-06-24,West,PAYPAL,,216.38,False
3878,4879,Headphones,Books,43.49,500,19.8,2022-12-02,North,credit card,5.0,376.6,False
3879,4880,Tablet,Home,27.6,5,25.6,2023-07-13,East,Credit Card,2.0,1178.29,False
3880,4881,Laptop,Electronics,53.51,1,21.6,2024-07-31,West,PAYPAL,4.0,41.53,False
3881,4882,Keyboard,Electronics,139.32,19,32.2,2023-10-01,West,Cash,2.0,368.07,False
3882,4883,Tablet,Clothing,142.98,17,26.5,2024-05-07,North,PayPal,1.0,313.26,False
3883,4884,Phone,Electronics,33.57,13,2.7,2023-03-02,East,PayPal,3.0,503.81,False
3884,4885,Tablet,Home,35.03,12,15.7,2023-04-17,North,PayPal,5.0,446.91,False
3885,4886,Laptop,Home,66.08,9,37.3,2022-08-26,West,PayPal,4.0,71.31,False
3886,4887,Monitor,Books,126.43,18,25.8,2024-12-22,South,Cash,3.0,993.75,False
3887,4888,Laptop,Home,52.4,13,17.4,2022-03-13,West,Credit Card,5.0,41.29,False
3888,4889,Monitor,Clothing,14.72,15,4.8,2023-11-14,West,PayPal,5.0,4.9,False
3889,4890,Headphones,Books,39.89,4,36.7,2024-02-22,North,credit card,3.0,2.94,False
3890,4891,Camera,Books,26.8,7,39.3,2022-08-20,East,PAYPAL,4.0,108.06,False
3891,4892,Keyboard,Sports,65.35,2,24.4,2022-08-17,North,PayPal,5.0,627.72,False
3892,4893,Monitor,Books,18.16,17,17.6,2023-12-23,South,Cash,2.0,305.68,False
3893,4894,Monitor,Clothing,53.48,10,24.7,2023-08-04,North,credit card,1.0,260.03,False
3894,4895,Phone,Food,46.66,4,3.4,2023-07-03,South,Cash,4.0,139.56,True
3895,4896,Laptop,Clothing,36.56,15,16.6,2023-08-30,East,Cash,5.0,226.82,False
3896,4897,Headphones,Books,33.47,500,24.1,2024-08-06,West,Credit Card,1.0,224.36,False
3897,4898,Other,Home,23.91,12,11.4,2022-03-22,East,Cash,2.0,60.37,True
3898,4899,Monitor,Books,27.99,19,37.1,2024-06-30,North,Cash,4.0,583.82,False
3899,4900,Camera,Food,81.48,16,25.0,2023-05-20,West,Credit Card,4.0,62.62,False
3900,4901,Monitor,Books,5.2,6,28.0,2023-09-18,South,credit card,5.0,626.1,False
3901,4902,Camera,Food,66.26,19,2.9,2022-01-03,North,PayPal,5.0,313.87,False
3902,4903,Camera,Home,63.1,19,12.1,2024-08-25,North,Cash,1.0,972.98,False
3903,4904,Phone,Home,46.12,7,7.8,2022-10-01,North,Credit Card,3.0,117.76,False
3904,4905,Headphones,Books,47.36,7,33.6,2022-07-22,East,Credit Card,2.0,684.46,True
3905,4906,Phone,Food,32.59,10,14.5,2023-10-10,East,Credit Card,4.0,386.66,True
3906,4907,Keyboard,Clothing,11.42,14,3.0,2022-07-11,East,credit card,3.0,614.54,False
3907,4908,Monitor,Books,92.49,14,12.0,2022-06-01,South,Credit Card,5.0,512.15,False
3908,4909,Phone,Electronics,4.14,19,24.1,2024-05-15,South,Credit Card,1.0,14.7,False
3909,4910,Other,Electronics,46.59,8,9.7,2023-03-10,South,credit card,3.0,750.1,False
3910,4911,Laptop,Electronics,16.63,13,22.2,2024-06-17,North,PayPal,1.0,51.1,False
3911,4912,Phone,Clothing,79.4,3,37.1,2023-10-23,West,Cash,2.0,511.68,True
3912,4913,Keyboard,Clothing,51.42,4,7.6,2022-05-01,East,Credit Card,3.0,633.17,False
3913,4914,Phone,Clothing,44.49,13,23.0,2023-08-18,South,PayPal,1.0,190.82,False
3914,4915,Tablet,Home,12.52,3,28.6,2024-05-05,West,Cash,2.0,55.82,False
3915,4916,Keyboard,Home,199.41,12,39.7,2022-04-18,North,credit card,5.0,25.35,True
3916,4917,Monitor,Home,72.31,15,0.5,2023-04-21,North,credit card,4.0,85.34,False
3917,4918,Camera,Electronics,17.1,13,38.3,2023-07-16,South,PayPal,4.0,607.06,False
3918,4919,Headphones,Electronics,90.69,15,39.1,2023-08-17,North,PAYPAL,1.0,769.39,False
3919,4920,Keyboard,Food,138.44,3,29.1,2024-04-24,East,credit card,4.0,100.35,True
3920,4921,Phone,Sports,15.64,14,1.3,2022-09-04,North,Cash,1.0,73.93,False
3921,4922,Tablet,Food,25.43,10,34.9,2024-03-01,North,Cash,1.0,212.44,True
3922,4923,Phone,Home,616.31,12,18.6,2022-03-09,North,PayPal,5.0,156.26,False
3923,4924,Keyboard,Home,55.11,5,25.4,2024-10-23,West,Cash,4.0,60.22,False
3924,4925,Phone,Sports,66.61,1,5.1,2023-04-25,East,Cash,2.0,433.6,False
3925,4926,Tablet,Home,10.36,19,27.0,2024-08-10,North,PayPal,4.0,107.95,False
3926,4927,Monitor,Home,119.21,1,12.2,2024-08-29,East,PayPal,5.0,65.61,True
3927,4928,Monitor,Books,170.94,10,24.9,2024-06-17,East,Credit Card,1.0,150.02,False
3928,4929,Keyboard,Books,11.75,4,18.9,2023-01-20,East,PAYPAL,4.0,478.38,False
3929,4930,Camera,Electronics,74.02,6,31.0,2024-12-29,West,credit card,3.0,360.29,False
3930,4931,Keyboard,Sports,41.61,18,6.1,2023-09-11,East,Cash,1.0,219.33,False
3931,4932,Headphones,Sports,295.44,7,25.4,2022-09-23,West,Cash,1.0,200.75,False
3932,4933,Headphones,Electronics,39.92,1,1.8,2024-08-22,South,Cash,3.0,353.27,True
3933,4934,Laptop,Home,127.86,18,26.6,2022-01-28,East,Credit Card,2.0,58.12,False
3934,4935,Tablet,Books,45.86,13,28.2,2022-10-16,North,Credit Card,4.0,602.72,False
3935,4936,Camera,Books,278.03,17,21.7,2024-04-27,East,PayPal,2.0,37.39,False
3936,4937,Other,Food,25.3,10,31.0,2022-12-10,East,Cash,4.0,81.98,False
3937,4938,Tablet,Electronics,247.41,13,10.8,2022-12-15,North,PayPal,1.0,369.93,False
3938,4939,Monitor,Books,149.15,11,19.9,2022-11-18,South,PayPal,1.0,113.03,False
3939,4940,Keyboard,Food,46.56,11,12.0,2024-09-27,West,PayPal,,603.78,False
3940,4941,Phone,Electronics,58.54,12,2.9,2023-06-25,South,PayPal,2.0,275.25,True
3941,4942,Phone,Electronics,135.05,7,35.2,2023-04-30,North,Cash,5.0,625.46,False
3942,4943,Tablet,Sports,44.72,18,33.6,2022-06-07,North,Credit Card,2.0,238.8,False
3943,4944,Phone,Food,113.68,18,26.8,2023-05-27,East,Credit Card,4.0,158.5,False
3944,4945,Keyboard,Books,15.35,5,27.8,2024-12-02,West,Credit Card,5.0,303.78,False
3945,4946,Phone,Home,82.29,6,18.4,2024-05-21,North,PAYPAL,3.0,38.68,False
3946,4947,Tablet,Food,167.22,9,11.5,2023-02-08,South,Credit Card,5.0,10.63,False
3947,4948,Phone,Home,38.96,14,24.5,2022-01-02,North,PayPal,3.0,28.53,True
3948,4949,Headphones,Sports,5.17,12,38.0,2024-05-27,North,PayPal,3.0,294.48,False
3949,4950,Tablet,Sports,55.47,4,33.5,2023-01-15,West,Cash,4.0,380.2,False
3950,4951,Headphones,Sports,8.23,4,24.9,2024-03-12,West,Credit Card,2.0,776.25,False
3951,4952,Other,Home,404.13,6,27.4,2023-01-11,West,Credit Card,2.0,486.08,False
3952,4953,Other,Books,68.18,5,16.3,2023-10-24,East,PayPal,4.0,114.87,False
3953,4954,Headphones,Books,46.93,10,17.5,2023-12-02,North,credit card,3.0,154.8,False
3954,4955,Monitor,Electronics,301.93,17,39.7,2024-11-20,North,Cash,1.0,428.86,False
3955,4956,Headphones,Sports,102.28,11,36.3,2023-06-14,South,credit card,3.0,295.49,False
3956,4957,Other,Home,181.33,9,6.5,2022-04-11,East,credit card,5.0,479.07,False
3957,4958,Monitor,Home,26.32,7,16.0,2022-03-06,East,Credit Card,,422.34,False
3958,4959,Tablet,Home,80.73,11,39.2,2023-02-12,East,Credit Card,4.0,249.16,False
3959,4960,Laptop,Home,30.26,17,37.0,2024-03-30,East,credit card,5.0,302.73,False
3960,4961,Tablet,Food,131.84,13,,2023-12-22,North,Credit Card,3.0,9.76,False
3961,4962,Keyboard,Food,47.15,7,24.6,2024-12-02,South,PayPal,1.0,730.87,False
3962,4963,Laptop,Clothing,29.74,10,21.9,2022-10-02,West,Credit Card,2.0,266.63,False
3963,4964,Laptop,Clothing,70.34,2,8.8,2024-02-21,North,credit card,2.0,168.88,False
3964,4965,Tablet,Books,95.44,1000,21.2,2023-01-31,South,PayPal,3.0,147.24,True
3965,4966,Keyboard,Books,13.83,19,18.9,2023-12-29,South,Credit Card,5.0,269.83,False
3966,4967,Tablet,Home,40.26,15,19.0,2024-09-25,West,PayPal,2.0,1026.32,False
3967,4968,Headphones,Sports,27.44,19,11.4,2024-10-19,West,Credit Card,1.0,69.14,False
3968,4969,Headphones,Food,72.04,8,33.2,2024-12-04,East,Credit Card,5.0,184.86,False
3969,4970,Headphones,Sports,51.02,16,36.9,2022-07-25,East,Credit Card,1.0,672.69,False
3970,4971,Phone,Electronics,20.14,11,19.8,2022-01-28,West,PayPal,1.0,146.03,False
3971,4972,Camera,Food,56.66,1,18.8,2023-08-07,West,credit card,5.0,381.24,False
3972,4973,Laptop,Home,158.2,12,21.1,2023-11-09,South,credit card,3.0,96.28,False
3973,4974,Camera,Clothing,238.94,9,32.5,2022-04-15,South,Credit Card,3.0,186.74,False
3974,4975,Phone,Sports,50.28,12,13.5,2023-04-25,East,PayPal,4.0,889.31,False
3975,4976,Tablet,Food,69.47,16,23.6,2024-02-29,East,Cash,5.0,143.09,False
3976,4977,Laptop,Sports,136.36,12,,2022-02-11,West,PayPal,3.0,185.56,False
3977,4978,Laptop,Sports,353.02,3,10.0,2024-11-18,East,Cash,4.0,70.43,False
3978,4979,Keyboard,Food,66.19,1,20.4,2022-09-05,South,PAYPAL,2.0,1282.6,False
3979,4980,Monitor,Electronics,10.1,8,,2024-04-03,South,Cash,2.0,30.92,False
3980,4981,Tablet,Books,19.53,1,23.1,2022-02-05,East,Cash,5.0,223.37,True
3981,4982,Monitor,Books,26038.700365878038,10,30.4,2023-05-17,North,Credit Card,,485.42,False
3982,4983,Keyboard,Clothing,95.88,3,21.1,2023-10-23,South,PayPal,4.0,202.33,False
3983,4984,Phone,Sports,112.75,15,10.6,2023-06-29,West,Credit Card,1.0,81.44,False
3984,4985,,Electronics,45.64,2,29.9,2023-07-23,West,Cash,5.0,0.91,True
3985,4986,Phone,Food,47.55,16,8.6,2024-04-10,South,Credit Card,2.0,633.52,False
3986,4987,Monitor,Books,182.19,16,26.5,2023-01-14,West,PayPal,5.0,51.58,False
3987,4988,Headphones,Home,13.88,1,7.0,2024-02-21,West,Credit Card,3.0,129.21,False
3988,4989,Headphones,Food,76.11,16,4.8,2023-04-27,East,credit card,1.0,373.97,False
3989,4990,,Electronics,55.79,16,30.0,2024-06-11,West,PayPal,3.0,521.76,False
3990,4991,Camera,Home,136.02,4,31.0,2024-09-20,East,credit card,1.0,533.57,False
3991,4992,Headphones,Food,757.95,14,38.4,2022-12-09,North,Credit Card,2.0,719.77,False
3992,4993,Laptop,Food,58.28,19,38.1,2022-11-17,South,credit card,2.0,38.48,False
3993,4994,Other,Clothing,24.34,10,20.4,2022-06-05,East,Cash,2.0,151.36,False
3994,4995,Monitor,Books,223.66,11,20.2,2022-02-26,South,Credit Card,1.0,145.97,False
3995,4996,Camera,Home,129.5,6,39.2,2022-08-18,North,PayPal,3.0,422.41,True
3996,4997,Tablet,Clothing,74.56,13,28.5,2022-10-26,East,credit card,3.0,723.38,True
3997,4998,Camera,Home,15.55,8,26.4,2022-02-15,West,Credit Card,2.0,806.79,False
3998,4999,Laptop,Books,38.84,2,15.5,2024-08-10,South,credit card,1.0,357.7,False
3999,5000,Headphones,Books,108.98,8,35.4,2023-06-27,North,PayPal,5.0,40.07,False
4000,5001,Laptop,Clothing,118.71,9,29.1,2022-06-08,North,Credit Card,2.0,370.96,False
4001,5002,Tablet,Electronics,68.35,2,5.1,2022-04-05,East,Credit Card,1.0,49.6,False
4002,5003,Laptop,Books,39.25,7,3.3,2024-12-11,West,PAYPAL,3.0,698.21,False
4003,5004,Tablet,Books,195.17,5,2.8,2023-06-18,East,Credit Card,3.0,621.34,False
4004,5005,Monitor,Sports,7.99,6,30.8,2024-02-24,East,PAYPAL,3.0,221.7,False
4005,5006,Keyboard,Clothing,14.28,5,24.5,2022-08-04,East,Cash,5.0,15.45,True
4006,5007,Headphones,Clothing,16.26,14,25.2,2022-12-24,West,Cash,5.0,44.26,False
4007,5008,Phone,Clothing,147.35,2,6.4,2023-06-14,West,Credit Card,3.0,821.21,False
4008,5009,Other,Books,170.72,16,8.8,2022-01-27,East,Credit Card,4.0,343.35,False
4009,5010,Phone,Books,34.58,14,19.2,2023-03-06,East,Credit Card,5.0,435.82,False
4010,5011,Tablet,Home,49.15,15,29.5,2024-08-15,West,PayPal,1.0,86.27,False
4011,5012,Headphones,Sports,40.66,10,24.4,2024-10-18,West,Credit Card,1.0,274.0,False
4012,5013,Headphones,Sports,6.47,7,34.5,2024-10-19,East,PAYPAL,2.0,179.89,False
4013,5014,Headphones,Electronics,152.51,10,30.2,2023-01-29,North,PayPal,1.0,91.69,False
4014,5015,Tablet,Electronics,132.24,12,25.4,2022-06-26,West,PayPal,2.0,8.25,False
4015,5016,Tablet,Books,176.53,8,2.9,2022-04-08,East,Cash,2.0,484.66,False
4016,5017,Laptop,Books,7.59,12,10.7,2023-06-18,South,Cash,5.0,172.2,False
4017,5018,Phone,Clothing,12.69,13,23.8,2024-02-02,West,PAYPAL,1.0,66.81,False
4018,5019,Monitor,Food,143.17,1,32.5,2023-12-21,East,Cash,1.0,47.93,True
4019,5020,Phone,Sports,105.94,6,0.2,2023-05-16,South,PayPal,2.0,337.56,False
4020,5021,Headphones,Sports,100.35,18,36.4,2023-02-21,West,PayPal,3.0,180.93,False
4021,5022,Headphones,Clothing,124.62,3,6.5,2022-03-19,North,Cash,4.0,14.85,False
4022,5023,Headphones,Books,84.24,9,2.8,2024-03-11,West,Cash,3.0,110.48,False
4023,5024,Headphones,Electronics,13.78,15,31.9,2024-08-03,East,PayPal,2.0,521.17,False
4024,5025,Laptop,Electronics,24.31,7,8.1,2023-06-20,North,Cash,3.0,306.54,False
4025,5026,Tablet,Home,428.22,11,12.1,2024-02-05,South,Cash,3.0,113.7,False
4026,5027,Keyboard,Electronics,362.56,3,36.4,2024-01-03,East,Credit Card,3.0,200.99,False
4027,5028,Headphones,Sports,43.01,8,21.6,2024-07-13,South,PayPal,3.0,89.98,False
4028,5029,Camera,Sports,46.62,1,38.4,2022-03-01,East,PayPal,2.0,319.39,True
4029,5030,Laptop,Clothing,195.69,15,24.4,2022-06-28,North,credit card,1.0,22.23,False
4030,5031,Headphones,Home,57.88,6,26.2,2022-03-09,West,Cash,2.0,19.48,False
4031,5032,Laptop,Electronics,70.66,19,27.6,2024-12-12,North,credit card,5.0,64.47,False
4032,5033,Laptop,Food,122.08,7,33.9,2023-03-07,South,Cash,1.0,273.87,False
4033,5034,Monitor,Sports,129.43,8,2.2,2023-06-01,West,PayPal,2.0,51.11,False
4034,5035,Tablet,Sports,27.26,10,31.4,2024-10-30,West,PayPal,5.0,216.75,False
4035,5036,Headphones,Electronics,6.77,15,14.7,2022-09-18,East,Cash,5.0,207.81,False
4036,5037,Monitor,Electronics,54.87,18,1.3,2023-03-02,North,Cash,3.0,479.82,False
4037,5038,Other,Home,30.4,10,15.8,2022-08-10,South,Credit Card,5.0,419.6,False
4038,5039,Tablet,Clothing,246.05,9,8.8,2024-12-28,South,Credit Card,3.0,91.48,False
4039,5040,Monitor,Sports,82.96,9,32.9,2022-06-04,North,Credit Card,5.0,376.47,False
4040,5041,Keyboard,Home,20.16,16,20.9,2023-02-03,West,PAYPAL,5.0,782.26,False
4041,5042,Monitor,Clothing,11.28,18,30.9,2023-08-28,West,Credit Card,3.0,66.69,False
4042,5043,Other,Books,12.78,18,4.5,2023-01-13,North,Cash,2.0,118.01,False
4043,5044,Camera,Home,64.55,17,17.1,2023-02-26,South,Credit Card,2.0,213.27,False
4044,5045,Keyboard,Books,,5,5.2,2024-04-24,South,PayPal,3.0,88.03,False
4045,5046,Keyboard,Sports,80.26,3,29.5,2022-10-12,North,PayPal,,712.23,False
4046,5047,Monitor,Home,117.1,10,23.6,2023-02-26,South,PayPal,3.0,424.78,False
4047,5048,Headphones,Food,337.61,16,13.1,2023-11-22,West,Cash,2.0,77.35,False
4048,5049,Other,Books,21.69,6,25.9,2023-09-06,West,Credit Card,4.0,402.54,False
4049,5050,Monitor,Clothing,97.33,15,1.4,2022-02-03,South,PayPal,2.0,59.26,True
4050,5051,,Books,17.67,7,24.4,2024-05-23,East,Credit Card,5.0,78.19,False
4051,5052,Keyboard,Food,139.71,2,1.3,2023-03-09,South,Cash,3.0,1560.58,False
4052,5053,Keyboard,Food,21.69,2,11.9,2024-10-02,South,PAYPAL,3.0,63.51,False
4053,5054,Keyboard,Home,28.48,10,6.6,2022-09-13,South,Credit Card,1.0,111.6,False
4054,5055,Keyboard,Food,36.77,17,11.0,2022-06-02,North,PayPal,2.0,190.77,False
4055,5056,Tablet,Sports,154.22,13,26.7,2023-08-03,South,Credit Card,3.0,1126.56,False
4056,5057,Phone,Food,27.51,5,19.0,2023-09-22,North,Cash,5.0,696.36,False
4057,5058,Laptop,Food,41.81,5,24.0,2023-06-13,West,PayPal,5.0,397.42,False
4058,5059,Keyboard,Books,132.47,12,28.7,2022-04-27,West,Credit Card,2.0,282.47,False
4059,5060,Laptop,Home,107.23,7,21.7,2024-09-30,North,Credit Card,2.0,68.88,False
4060,5061,Laptop,Electronics,21.72,3,22.2,2022-09-30,West,PAYPAL,3.0,1292.32,False
4061,5062,Keyboard,Books,28.7,16,24.7,2023-12-22,North,PayPal,4.0,2678.25,False
4062,5063,Keyboard,Clothing,49.59,3,39.2,2023-04-28,West,PayPal,1.0,395.92,False
4063,5064,Tablet,Clothing,713.23,6,6.7,2022-12-10,East,PAYPAL,5.0,511.29,False
4064,5065,Tablet,Sports,76.32,1,4.4,2022-06-18,South,credit card,3.0,182.46,False
4065,5066,Laptop,Electronics,57.03,12,27.6,2024-11-22,North,PAYPAL,2.0,282.77,False
4066,5067,Tablet,Home,136.94,18,37.5,2023-12-28,North,Cash,3.0,18.3,False
4067,5068,Laptop,Sports,18.4,16,31.4,2023-04-01,North,Cash,1.0,164.02,False
4068,5069,Monitor,Electronics,53.28,1,5.0,2023-04-20,East,Credit Card,2.0,49.83,False
4069,5070,Keyboard,Books,36.1,15,29.5,2023-07-19,East,PayPal,3.0,123.97,False
4070,5071,Tablet,Food,86.88,16,24.2,2022-07-19,West,Credit Card,1.0,175.9,False
4071,5072,Tablet,Clothing,14.45,3,21.1,2024-02-23,East,Credit Card,2.0,11.96,False
4072,5073,Monitor,Food,127.79,12,29.1,2024-10-16,North,credit card,2.0,449.88,True
4073,5074,Headphones,Electronics,91.68,14,1.9,2022-11-30,South,Cash,4.0,235.4,False
4074,5075,Tablet,Clothing,96.19,2,19.7,2024-02-10,East,Credit Card,3.0,754.52,False
4075,5076,Tablet,Books,,5,35.5,2022-02-03,South,credit card,4.0,303.02,False
4076,5077,Other,Clothing,24.68,3,32.6,2024-02-09,South,Cash,5.0,1642.64,False
4077,5078,Keyboard,Food,38.81,12,16.5,2023-02-22,West,credit card,4.0,494.46,False
4078,5079,Laptop,Home,10.25,11,34.9,2022-02-02,West,Credit Card,2.0,255.81,False
4079,5080,Camera,Clothing,185.24,7,4.5,2022-08-04,East,Cash,3.0,444.8,False
4080,5081,Tablet,Books,49.22,7,31.7,2024-02-11,North,PayPal,5.0,105.92,False
4081,5082,Headphones,Books,52.19,15,35.7,2022-01-15,West,Credit Card,5.0,35.32,False
4082,5083,Headphones,Clothing,37.74,6,11.4,2024-05-15,East,PayPal,2.0,82.3,False
4083,5084,Phone,Food,48.61,4,10.6,2022-10-23,North,credit card,3.0,91.02,False
4084,5085,Camera,Sports,66.81,14,34.1,2024-09-16,North,credit card,5.0,262.98,False
4085,5086,Phone,Clothing,96.1,11,10.0,2023-03-24,West,Cash,1.0,82.78,False
4086,5087,Headphones,Food,58.47,3,35.1,2023-01-19,West,credit card,1.0,529.15,False
4087,5088,Keyboard,Electronics,36.04,18,7.9,2023-05-04,South,Cash,4.0,61.78,False
4088,5089,Keyboard,Food,4.55,4,6.3,2023-11-29,South,Credit Card,3.0,481.08,True
4089,5090,Other,Electronics,14.99,1,39.3,2022-11-25,East,Credit Card,5.0,419.25,False
4090,5091,Headphones,Clothing,90.21,3,15.7,2023-07-02,West,Credit Card,3.0,43.43,False
4091,5092,Tablet,Clothing,35410.61524322409,10,34.1,2024-01-28,West,Cash,4.0,257.26,False
4092,5093,Laptop,Food,36.67,4,37.8,2024-08-16,South,Credit Card,4.0,217.55,False
4093,5094,Phone,Books,22.52,17,16.6,2023-08-27,East,Credit Card,1.0,561.79,False
4094,5095,Monitor,Food,29.27,16,6.4,2023-08-06,North,PAYPAL,2.0,216.97,False
4095,5096,Headphones,Clothing,23.18,13,5.5,2022-10-12,North,PayPal,2.0,52.48,False
4096,5097,Laptop,Sports,88.61,9,12.2,2024-09-03,North,PayPal,3.0,38.05,False
4097,5098,Laptop,Books,65.9,4,36.5,2024-08-30,South,credit card,5.0,482.21,False
4098,5099,Camera,Books,34.37,7,35.9,2022-03-22,East,Credit Card,5.0,1618.65,False
4099,5100,Other,Electronics,21.77,8,15.2,2022-12-16,North,Credit Card,5.0,20.85,False
4100,5101,Phone,Clothing,54.57,17,24.8,2023-04-02,East,credit card,1.0,697.19,False
4101,5102,Monitor,Home,26.56,10,19.2,2023-10-10,West,Cash,1.0,276.58,False
4102,5103,Keyboard,Sports,286.05,18,39.1,2023-12-05,North,PayPal,2.0,524.4,False
4103,5104,Keyboard,Sports,33.54,18,14.3,2023-10-02,East,Cash,3.0,277.53,False
4104,5105,Headphones,Electronics,10.7,1,14.7,2023-11-08,South,PayPal,5.0,111.35,True
4105,5106,Phone,Food,27.79,13,32.3,2022-07-11,East,credit card,5.0,61.4,False
4106,5107,Keyboard,Home,34601.306764544075,7,9.5,2023-05-21,North,PayPal,1.0,460.48,False
4107,5108,Camera,Electronics,465.78,8,,2024-06-13,West,Credit Card,4.0,109.06,False
4108,5109,Headphones,Home,106.56,3,39.0,2024-11-08,West,Credit Card,5.0,109.87,False
4109,5110,Monitor,Home,41.91,5,14.1,2024-02-10,South,PayPal,2.0,470.21,False
4110,5111,Laptop,Home,203.8,6,4.0,2022-01-28,East,PayPal,5.0,40.76,False
4111,5112,Headphones,Sports,70.12,17,37.1,2023-11-10,West,PayPal,2.0,114.74,False
4112,5113,Tablet,Clothing,30.73,5,16.9,2022-06-08,East,credit card,4.0,95.59,True
4113,5114,Phone,Clothing,,9,32.6,2023-04-01,East,credit card,,105.83,False
4114,5115,Phone,Sports,13.78,8,24.8,2024-05-18,South,PayPal,5.0,312.72,False
4115,5116,Monitor,Books,31.29,4,22.3,2023-12-26,East,credit card,3.0,113.19,True
4116,5117,Laptop,Books,26.47,7,12.1,2023-01-16,North,Credit Card,1.0,394.31,False
4117,5118,Keyboard,Sports,38.31,5,23.4,2024-12-06,South,PAYPAL,5.0,87.5,False
4118,5119,Phone,Clothing,354.91,9,9.8,2024-09-27,South,PayPal,4.0,92.05,False
4119,5120,Tablet,Electronics,78.78,15,9.9,2023-08-02,West,credit card,5.0,910.99,False
4120,5121,Camera,Food,13.53,13,8.5,2023-09-01,South,Credit Card,2.0,348.71,False
4121,5122,Laptop,Electronics,39.5,3,15.4,2022-08-19,West,Credit Card,1.0,262.64,False
4122,5123,Tablet,Home,85.96,10,20.4,2022-10-22,East,Cash,3.0,740.13,False
4123,5124,Laptop,Food,13.15,12,14.8,2024-07-21,South,PayPal,5.0,24.75,False
4124,5125,Tablet,Electronics,147.7,3,,2022-06-21,West,PAYPAL,3.0,126.29,False
4125,5126,Other,Food,151.16,17,4.2,2022-01-12,North,Credit Card,4.0,24.33,False
4126,5127,Keyboard,Clothing,15.5,9,,2024-09-16,South,Cash,1.0,320.59,False
4127,5128,Monitor,Clothing,74.1,13,2.6,2022-03-14,East,PayPal,4.0,67.28,False
4128,5129,Camera,Food,78.42,15,3.9,2022-10-11,East,Credit Card,3.0,535.24,False
4129,5130,Camera,Sports,34.05,6,2.7,2024-09-23,West,PAYPAL,5.0,90.69,False
4130,5131,Keyboard,Books,41.86,10,5.4,2022-10-10,West,PayPal,4.0,43.92,False
4131,5132,Camera,Clothing,26.71,15,19.8,2022-04-15,West,credit card,3.0,76.52,False
4132,5133,Tablet,Sports,94.09,13,16.3,2023-09-12,South,Credit Card,2.0,136.16,True
4133,5134,Headphones,Clothing,106.25,17,4.7,2024-01-23,East,Credit Card,1.0,81.87,False
4134,5135,Tablet,Sports,12.02,14,12.2,2022-07-26,West,credit card,3.0,1131.07,False
4135,5136,Tablet,Electronics,101.82,12,25.7,2024-09-13,North,PayPal,4.0,653.85,False
4136,5137,Headphones,Sports,26.6,18,37.2,2024-09-13,West,Cash,4.0,140.28,False
4137,5138,Laptop,Electronics,166.02,13,11.6,2024-04-01,West,Credit Card,5.0,257.33,True
4138,5139,Keyboard,Home,64.58,3,28.7,2024-05-23,West,PAYPAL,1.0,111.75,False
4139,5140,,Books,95.46,9,39.8,2022-11-21,West,Credit Card,4.0,35.41,False
4140,5141,Tablet,Food,32.47,17,3.7,2022-02-04,East,PayPal,2.0,492.2,False
4141,5142,Camera,Home,162.7,11,8.6,2024-02-22,South,PayPal,5.0,321.72,False
4142,5143,Keyboard,Electronics,70.15,8,23.4,2024-08-30,North,PayPal,2.0,385.44,False
4143,5144,Other,Home,132.47,17,4.4,2022-07-09,East,Credit Card,4.0,166.02,True
4144,5145,Camera,Home,36.07,15,14.1,2022-03-06,South,Cash,5.0,237.0,True
4145,5146,Tablet,Electronics,9.22,2,14.1,2024-01-12,East,PayPal,1.0,39.04,False
4146,5147,Tablet,Electronics,28.99,8,39.5,2022-06-20,North,credit card,2.0,447.08,False
4147,5148,Keyboard,Sports,331.46,16,12.6,2024-07-19,West,PAYPAL,4.0,256.79,False
4148,5149,Phone,Sports,12.34,19,8.8,2022-10-02,North,Credit Card,5.0,15.69,False
4149,5150,Monitor,Electronics,1080.1,5,11.9,2022-07-11,North,credit card,5.0,277.27,False
4150,5151,Headphones,Sports,235.19,10,34.7,2024-01-09,South,Credit Card,2.0,415.92,False
4151,5152,Headphones,Electronics,19.89,11,19.8,2023-05-25,North,PayPal,2.0,301.02,False
4152,5153,Keyboard,Books,53.6,13,33.7,2023-04-13,West,Credit Card,1.0,521.68,False
4153,5154,Phone,Electronics,51.5,18,23.1,2022-08-02,West,Cash,4.0,273.08,False
4154,5155,Keyboard,Food,134.62,5,19.2,2022-07-09,North,Credit Card,5.0,362.99,False
4155,5156,Laptop,Food,24.42,15,17.9,2024-03-04,East,PayPal,4.0,347.01,False
4156,5157,Headphones,Food,25.46,18,19.1,2024-11-30,East,Cash,5.0,1639.07,False
4157,5158,Tablet,Sports,29.0,5,24.6,2023-02-19,North,PayPal,4.0,10.17,False
4158,5159,Camera,Electronics,308.21,6,9.9,2024-11-15,South,PAYPAL,2.0,637.46,False
4159,5160,Monitor,Home,141.04,17,25.9,2024-12-24,North,Cash,,928.13,False
4160,5161,Camera,Clothing,33.83,12,34.3,2023-11-11,South,PAYPAL,2.0,199.42,True
4161,5162,Keyboard,Sports,54.38,12,18.2,2023-04-27,East,Cash,4.0,137.97,False
4162,5163,Keyboard,Clothing,104.42,18,3.7,2023-01-13,South,Cash,2.0,73.55,False
4163,5164,Camera,Food,68.78,7,7.2,2024-10-29,South,credit card,3.0,429.94,False
4164,5165,Tablet,Sports,17.34,5,4.1,2023-06-04,North,Credit Card,2.0,28.2,False
4165,5166,Phone,Home,286.21,17,0.6,2023-12-19,North,Cash,1.0,75.02,False
4166,5167,Keyboard,Electronics,65.42,7,3.8,2023-08-13,North,PayPal,5.0,96.28,False
4167,5168,Laptop,Electronics,98.76,18,35.8,2022-11-01,East,Cash,5.0,94.1,True
4168,5169,Tablet,Home,370.62,2,37.3,2024-11-22,South,credit card,3.0,181.16,False
4169,5170,Monitor,Books,16232.618165797216,18,18.8,2023-10-17,North,PayPal,5.0,98.44,True
4170,5171,Monitor,Books,27.04,9,19.8,2023-11-13,North,PayPal,5.0,55.34,False
4171,5172,Headphones,Food,57.25,14,8.9,2022-06-22,South,Credit Card,4.0,187.37,False
4172,5173,Headphones,Home,11.14,1,34.7,2024-09-17,East,Credit Card,5.0,696.74,False
4173,5174,Tablet,Food,47.38,14,24.1,2024-02-25,East,Credit Card,5.0,377.27,False
4174,5175,Keyboard,Electronics,29.97,10,8.3,2023-07-11,West,PAYPAL,5.0,443.43,True
4175,5176,Phone,Books,30.3,11,18.9,2022-11-13,East,Cash,5.0,40.87,False
4176,5177,Camera,Clothing,29.4,14,5.8,2024-06-05,South,Credit Card,5.0,257.82,False
4177,5178,Headphones,Food,22.41,6,35.0,2023-04-22,East,Credit Card,5.0,123.73,True
4178,5179,Headphones,Clothing,23.96,15,26.0,2023-05-27,East,PayPal,2.0,527.96,True
4179,5180,Keyboard,Food,31.85,15,26.1,2024-06-06,East,PayPal,2.0,329.68,True
4180,5181,Tablet,Clothing,14.95,9,7.6,2023-05-13,North,Cash,5.0,166.71,False
4181,5182,Tablet,Books,38.0,6,17.9,2022-11-05,North,credit card,3.0,342.96,True
4182,5183,Headphones,Sports,30.69,5,32.3,2022-03-08,West,Cash,5.0,486.66,False
4183,5184,Laptop,Books,65.18,6,13.4,2024-07-30,West,credit card,5.0,380.18,False
4184,5185,Tablet,Home,193.14,9,37.3,2024-05-05,North,credit card,3.0,207.29,False
4185,5186,Headphones,Food,122.9,13,24.2,2023-01-20,North,credit card,4.0,303.09,False
4186,5187,Headphones,Food,52.11,10,15.2,2022-11-11,North,PAYPAL,4.0,2.57,False
4187,5188,Laptop,Electronics,84.75,3,34.7,2024-07-29,North,Credit Card,4.0,424.16,False
4188,5189,Phone,Clothing,24.1,1,33.4,2022-12-14,,PayPal,4.0,105.56,False
4189,5190,Phone,Electronics,46018.11370361084,19,11.2,2023-08-24,East,PayPal,3.0,284.53,False
4190,5191,Laptop,Home,96.1,8,22.8,2024-09-27,South,Credit Card,2.0,411.39,True
4191,5192,Monitor,Food,45.86,10,3.6,2022-03-11,South,Cash,5.0,384.56,False
4192,5193,Keyboard,Books,37.56,8,39.2,2023-09-21,North,credit card,5.0,866.76,False
4193,5194,Laptop,Books,8.32,7,12.4,2024-05-20,South,Credit Card,1.0,185.95,False
4194,5195,Camera,Home,239.72,19,38.5,2024-04-03,West,credit card,3.0,77.96,False
4195,5196,Keyboard,Food,4.03,4,29.5,2022-01-15,North,Credit Card,1.0,489.05,False
4196,5197,Headphones,Books,133.71,5,21.2,2024-05-23,West,credit card,2.0,83.46,True
4197,5198,Headphones,Clothing,378.79,9,18.0,2024-06-29,East,PayPal,,363.8,False
4198,5199,Tablet,Home,78.75,17,11.5,2022-02-23,West,credit card,3.0,120.59,False
4199,5200,Phone,Sports,50.42,19,11.0,2023-04-19,North,credit card,2.0,248.52,False
4200,5201,Monitor,Food,74.49,15,18.9,2022-08-08,North,Cash,1.0,1319.43,False
4201,5202,Headphones,Books,19.95,7,21.2,2024-09-08,West,PAYPAL,3.0,117.08,False
4202,5203,Phone,Books,30.71,17,23.8,2024-08-14,South,credit card,2.0,183.59,False
4203,5204,Headphones,Clothing,64.64,12,36.2,2023-05-06,North,PayPal,5.0,53.08,False
4204,5205,Laptop,Food,360.71,3,14.2,2022-07-04,West,Credit Card,5.0,60.85,False
4205,5206,Monitor,Books,24.38,2,9.6,2022-07-31,North,credit card,1.0,433.41,False
4206,5207,Camera,Home,55.98,11,31.9,2024-03-03,West,Credit Card,5.0,59.36,False
4207,5208,Laptop,Home,144.48,7,26.3,2024-02-02,East,PayPal,1.0,561.33,False
4208,5209,Camera,Home,14.77,16,23.9,2023-08-23,East,credit card,3.0,426.64,False
4209,5210,Monitor,Home,33.14,4,0.6,2023-10-13,West,credit card,3.0,268.0,False
4210,5211,Headphones,Home,24.45,4,39.7,2023-09-10,South,PAYPAL,2.0,207.26,False
4211,5212,Other,Electronics,42.92,12,23.8,2024-05-29,West,credit card,3.0,524.97,False
4212,5213,Keyboard,Home,27.14,19,2.0,2024-01-02,West,Credit Card,2.0,6.8,False
4213,5214,Phone,Home,54.65,5,16.4,2024-05-22,North,Cash,3.0,663.78,True
4214,5215,Laptop,Home,105.65,17,33.3,2024-05-28,East,Cash,5.0,44.63,False
4215,5216,Laptop,Sports,101.44,1,10.2,2022-12-22,South,PAYPAL,3.0,94.18,False
4216,5217,Monitor,Home,35.63,7,,2024-12-06,South,Cash,5.0,433.67,False
4217,5218,Laptop,Home,71.22,9,23.0,2022-07-19,North,PayPal,2.0,469.82,False
4218,5219,Camera,Electronics,24.04,5,31.6,2022-07-14,East,PayPal,1.0,170.53,True
4219,5220,Keyboard,Sports,172.73,17,10.3,2023-09-26,South,Credit Card,1.0,390.39,False
4220,5221,Monitor,Sports,55.94,10,4.9,2024-10-20,West,Cash,3.0,65.04,False
4221,5222,Camera,Food,147.67,18,28.4,2022-06-01,South,Cash,5.0,84.89,False
4222,5223,Phone,Home,35.99,16,35.5,2024-10-19,North,Credit Card,5.0,188.08,False
4223,5224,Laptop,Clothing,30.51,8,10.5,2022-09-04,West,PayPal,5.0,155.26,False
4224,5225,Headphones,Home,6.36,18,9.7,2022-09-20,North,PayPal,3.0,35.49,False
4225,5226,Keyboard,Home,78.63,14,34.2,2023-09-13,South,PayPal,4.0,391.41,False
4226,5227,Monitor,Electronics,42.37,4,10.8,2022-08-05,East,PayPal,3.0,515.32,True
4227,5228,Tablet,Food,32.04,5,21.2,2024-06-10,West,Credit Card,3.0,251.26,False
4228,5229,Keyboard,Sports,377.88,6,20.9,2023-12-10,East,Cash,3.0,304.5,False
4229,5230,Tablet,Clothing,59.74,2,27.0,2022-08-03,West,Credit Card,3.0,175.34,False
4230,5231,Phone,Sports,26.26,9,1.3,2022-02-24,East,Cash,3.0,424.96,False
4231,5232,Monitor,Clothing,257.79,5,9.2,2024-10-27,South,Cash,3.0,198.51,False
4232,5233,Keyboard,Clothing,359.59,12,27.8,2024-03-04,South,PAYPAL,2.0,372.09,False
4233,5234,Other,Food,62.5,1,27.3,2023-10-19,East,Credit Card,2.0,65.01,False
4234,5235,Headphones,Food,82.59,16,10.6,2022-04-14,North,Cash,1.0,107.02,False
4235,5236,Headphones,Food,38.33,2,24.6,2022-04-19,West,PayPal,1.0,12.42,False
4236,5237,Phone,Books,58.02,14,6.5,2022-01-28,West,Cash,3.0,703.86,False
4237,5238,Other,Sports,30.75,17,29.2,2024-12-16,West,Cash,3.0,488.31,False
4238,5239,Phone,Clothing,33.84,5,29.1,2023-10-13,East,PAYPAL,4.0,521.18,False
4239,5240,Headphones,Books,37.47,12,13.9,2022-06-07,West,PayPal,2.0,1971.22,True
4240,5241,Keyboard,Food,107.71,4,25.8,2023-04-13,West,Cash,3.0,97.52,False
4241,5242,Tablet,Books,57.09,14,28.6,2022-06-01,South,Cash,4.0,241.82,False
4242,5243,Monitor,Books,33.2,19,16.4,2024-04-09,South,PayPal,3.0,109.18,False
4243,5244,Camera,Books,149.13,4,10.3,2024-01-04,West,Credit Card,1.0,42.47,False
4244,5245,Phone,Sports,28.1,16,27.8,2022-07-28,South,Cash,1.0,102.13,False
4245,5246,Keyboard,Sports,25.62,7,20.1,2023-07-27,North,credit card,3.0,88.57,False
4246,5247,Camera,Books,12.4,1,33.1,2024-01-17,North,credit card,3.0,270.14,False
4247,5248,Keyboard,Food,91.98,13,17.6,2024-04-22,North,PAYPAL,2.0,152.19,True
4248,5249,Camera,Home,62.99,11,9.9,2024-08-22,East,credit card,4.0,336.48,False
4249,5250,Tablet,Sports,27.57,15,18.9,2023-06-13,South,PayPal,1.0,6.17,False
4250,5251,Headphones,Books,83.49,3,28.1,2024-02-07,,credit card,4.0,87.45,False
4251,5252,Phone,Clothing,59.54,3,21.5,2023-10-19,West,PayPal,5.0,46.43,False
4252,5253,Laptop,Food,12.37,6,35.4,2023-01-04,South,PAYPAL,3.0,585.96,False
4253,5254,Phone,Sports,314.61,19,15.0,2022-12-05,West,credit card,3.0,52.79,False
4254,5255,Monitor,Food,57.68,7,22.5,2024-12-13,North,Credit Card,4.0,167.68,False
4255,5256,Headphones,Electronics,82.17,8,16.5,2023-04-27,West,PayPal,1.0,70.51,False
4256,5257,Monitor,Food,141.61,16,31.6,2023-06-29,South,credit card,4.0,25.23,False
4257,5258,Tablet,Sports,117.47,15,13.5,2024-12-06,South,Cash,1.0,42.25,False
4258,5259,Headphones,Books,68.37,14,14.6,2024-09-23,North,credit card,5.0,199.35,False
4259,5260,Laptop,Food,21.07,14,0.8,2022-11-21,West,PayPal,2.0,43.87,False
4260,5261,Headphones,Books,9.51,12,38.4,2023-08-16,West,Credit Card,2.0,437.61,False
4261,5262,Camera,Electronics,11.12,7,1.8,2023-09-01,East,Cash,2.0,5.63,False
4262,5263,Tablet,Books,80.99,4,23.4,2022-02-11,North,PAYPAL,1.0,168.81,False
4263,5264,Laptop,Food,18.68,9,18.1,2024-02-27,West,PAYPAL,5.0,161.74,False
4264,5265,Laptop,Home,101.98,15,29.4,2022-10-09,East,Cash,4.0,111.65,False
4265,5266,Headphones,Clothing,35.24,6,23.6,2023-01-23,North,PayPal,5.0,287.97,True
4266,5267,Headphones,Food,55.93,17,11.0,2023-01-04,West,Cash,2.0,1171.33,False
4267,5268,Camera,Home,92.82,5,21.3,2023-06-09,East,credit card,4.0,32.86,False
4268,5269,Monitor,Home,333.11,12,33.4,2023-06-16,East,Cash,5.0,890.07,False
4269,5270,Monitor,Clothing,56.74,19,12.6,2024-09-04,East,Credit Card,5.0,49.24,False
4270,5271,Monitor,Clothing,32.73,9,32.6,2022-11-30,East,Credit Card,3.0,481.67,False
4271,5272,Headphones,Clothing,66.83,3,37.2,2024-06-08,South,Credit Card,3.0,362.21,False
4272,5273,Camera,Electronics,33.77,7,23.6,2022-10-17,South,PayPal,3.0,226.29,False
4273,5274,Camera,Electronics,39.43,11,5.5,2024-03-28,East,Credit Card,1.0,176.89,False
4274,5275,Keyboard,Books,19.76,12,27.1,2024-05-27,West,Cash,3.0,524.45,False
4275,5276,Camera,Home,83.78,15,39.4,2023-08-18,West,Cash,2.0,482.1,False
4276,5277,Tablet,Sports,133.89,500,23.7,2024-10-22,West,PayPal,3.0,45.81,False
4277,5278,Phone,Home,37.93,16,20.1,2024-05-18,West,credit card,1.0,694.51,False
4278,5279,Laptop,Home,36.1,9,36.1,2023-12-06,,Cash,1.0,367.93,False
4279,5280,Keyboard,Clothing,16.41,6,12.1,2024-07-26,South,PayPal,3.0,301.94,False
4280,5281,Monitor,Books,14.18,14,26.1,2023-03-24,North,credit card,4.0,20.69,False
4281,5282,Monitor,Electronics,236.47,6,1.0,2022-05-26,West,Credit Card,2.0,107.1,False
4282,5283,Monitor,Sports,46.84,10,35.3,2023-05-11,South,Credit Card,2.0,583.73,False
4283,5284,Phone,Food,48.52,18,33.7,2024-07-03,East,Credit Card,1.0,155.59,False
4284,5285,Phone,Food,5.1,6,2.7,2024-10-11,East,Credit Card,2.0,219.14,False
4285,5286,,Clothing,55.73,15,5.8,2022-04-20,North,Credit Card,5.0,73.55,False
4286,5287,Laptop,Clothing,12.76,2,27.5,2023-12-21,West,PAYPAL,5.0,1.16,False
4287,5288,Monitor,Food,98.0,10,25.5,2024-04-19,North,PayPal,2.0,32.74,False
4288,5289,Headphones,Food,48.3,12,14.6,2024-08-03,West,Credit Card,1.0,182.94,False
4289,5290,Headphones,Sports,35.97,4,,2024-10-24,South,Cash,3.0,212.5,False
4290,5291,Camera,Sports,34.32,9,33.7,2022-09-04,West,Credit Card,3.0,1242.05,False
4291,5292,Phone,Sports,29.94,17,25.5,2023-08-10,North,Credit Card,2.0,83.2,False
4292,5293,Tablet,Food,53.34,8,,2022-10-28,North,Credit Card,4.0,220.38,False
4293,5294,Tablet,Sports,96.35,13,1.4,2022-10-22,West,PAYPAL,2.0,1013.37,False
4294,5295,Phone,Home,10.71,6,0.2,2023-08-12,South,Credit Card,2.0,302.25,False
4295,5296,Phone,Books,48.93,15,30.5,2023-10-19,North,PayPal,2.0,74.16,False
4296,5297,Headphones,Sports,33524.04927051067,17,14.5,2024-04-03,North,PAYPAL,4.0,36.9,False
4297,5298,Tablet,Sports,112.48,8,6.5,2024-07-25,West,Cash,4.0,152.73,False
4298,5299,Keyboard,Food,485.96,10,2.8,2024-12-27,South,Cash,4.0,60.88,False
4299,5300,Monitor,Sports,30.77,13,23.8,2023-06-02,South,Credit Card,1.0,248.34,False
4300,5301,Tablet,Home,178.11,1,25.0,2023-06-09,South,credit card,1.0,164.45,False
4301,5302,Phone,Electronics,28.83,15,38.1,2022-08-12,East,Cash,2.0,305.64,False
4302,5303,Tablet,Books,105.69,1,11.7,2022-08-05,South,PayPal,2.0,442.45,False
4303,5304,Phone,Home,150.5,14,15.3,2022-01-31,South,PAYPAL,5.0,236.14,False
4304,5305,Keyboard,Food,11.25,4,37.5,2024-04-15,East,Credit Card,4.0,735.41,False
4305,5306,Headphones,Clothing,72.38,4,7.6,2022-03-15,South,Cash,5.0,44.59,False
4306,5307,Tablet,Sports,27.93,14,1.8,2022-02-21,West,Credit Card,5.0,341.39,False
4307,5308,Monitor,Sports,309.59,10,32.6,2022-08-07,North,Cash,,820.46,False
4308,5309,Camera,Home,36.79,9,15.7,2023-01-21,East,PayPal,3.0,222.8,False
4309,5310,Laptop,Books,42.84,11,21.9,2024-01-02,West,PayPal,3.0,485.95,False
4310,5311,Keyboard,Clothing,56.8,16,2.0,2023-11-12,North,PAYPAL,1.0,186.65,False
4311,5312,Other,Sports,57.32,12,38.2,2023-08-07,South,Credit Card,3.0,142.11,True
4312,5313,Monitor,Electronics,44.67,3,7.1,2024-07-30,North,Credit Card,3.0,198.02,False
4313,5314,Keyboard,Clothing,55.92,8,4.3,2023-02-26,East,PAYPAL,5.0,562.76,False
4314,5315,Headphones,Electronics,116.1,8,21.1,2022-09-22,East,credit card,1.0,32.5,True
4315,5316,Phone,Food,12.81,7,29.2,2023-08-16,North,credit card,1.0,138.52,False
4316,5317,Tablet,Books,18.29,13,2.9,2023-03-24,South,Cash,2.0,316.4,False
4317,5318,Laptop,Books,35.04,16,0.4,2022-11-03,West,PayPal,4.0,279.27,False
4318,5319,Headphones,Food,30.02,6,12.8,2024-08-21,North,PAYPAL,2.0,750.47,False
4319,5320,Other,Clothing,143.11,4,19.1,2024-11-18,North,Cash,3.0,787.12,False
4320,5321,Phone,Books,35.33,1,2.6,2023-02-13,East,Cash,5.0,111.66,False
4321,5322,Laptop,Books,27.78,16,3.2,2023-03-28,West,Cash,4.0,2.12,False
4322,5323,Laptop,Clothing,321.32,18,30.7,2024-03-23,West,PayPal,4.0,266.46,False
4323,5324,Camera,Food,71.85,9,16.1,2024-12-22,South,PAYPAL,1.0,302.38,True
4324,5325,Camera,Sports,89.64,15,27.7,2022-08-02,East,PAYPAL,4.0,602.11,False
4325,5326,Headphones,Home,74.23,10,3.7,2023-04-08,South,Cash,2.0,27.61,False
4326,5327,Tablet,Electronics,57.05,3,37.7,2024-03-24,West,PayPal,1.0,897.59,False
4327,5328,Tablet,Food,14.76,1,39.7,2024-06-30,South,PayPal,1.0,118.06,False
4328,5329,Headphones,Home,137.05,18,18.4,2024-03-05,North,Credit Card,4.0,271.83,False
4329,5330,Monitor,Clothing,278.04,14,39.6,2023-12-04,West,PayPal,,181.27,False
4330,5331,Keyboard,Sports,39.65,16,34.9,2024-03-09,West,PAYPAL,4.0,46.95,False
4331,5332,Laptop,Food,27.63,3,15.2,2022-12-29,East,credit card,3.0,269.14,False
4332,5333,Keyboard,Food,30.15,15,12.8,2023-04-25,South,PayPal,3.0,966.27,False
4333,5334,Camera,Sports,301.07,9,35.0,2023-03-04,East,Cash,4.0,242.99,False
4334,5335,Monitor,Books,163.02,9,25.3,2022-09-29,East,PayPal,,45.88,False
4335,5336,Tablet,Books,41.95,19,21.9,2024-03-31,North,Cash,5.0,87.98,False
4336,5337,Monitor,Sports,32.71,19,13.8,2024-12-20,East,Cash,4.0,236.1,True
4337,5338,Monitor,Food,152.56,14,25.2,2023-04-28,West,PAYPAL,1.0,99.03,False
4338,5339,Keyboard,Home,65.17,2,19.3,2024-12-13,East,Credit Card,3.0,423.19,False
4339,5340,Tablet,Books,128.52,7,15.2,2024-03-19,East,Cash,2.0,703.64,False
4340,5341,Laptop,Home,59.93,3,32.7,2022-07-11,East,PayPal,5.0,234.65,False
4341,5342,Camera,Home,23.18,14,19.7,2022-12-11,North,Cash,4.0,385.44,False
4342,5343,Keyboard,Electronics,292.06,5,19.1,2023-03-29,North,Credit Card,,147.17,False
4343,5344,Phone,Electronics,31050.199306606188,3,18.9,2022-09-08,North,Credit Card,1.0,38.25,False
4344,5345,Keyboard,Electronics,188.77,15,16.6,2022-05-04,South,PAYPAL,2.0,8.74,False
4345,5346,Tablet,Books,984.76,4,2.8,2023-02-03,South,Cash,1.0,80.51,True
4346,5347,Keyboard,Electronics,17.19,4,38.4,2024-09-19,South,PayPal,1.0,157.62,False
4347,5348,Camera,Clothing,4.19,15,23.7,2024-06-17,South,credit card,3.0,15.13,False
4348,5349,Laptop,Clothing,396.0,5,12.7,2024-12-07,South,Credit Card,1.0,63.39,False
4349,5350,Tablet,Books,55.38,1,16.5,2023-12-06,West,Cash,2.0,502.07,False
4350,5351,Phone,Food,25.93,12,34.1,2022-12-18,South,PayPal,5.0,169.01,True
4351,5352,Phone,Clothing,290.93,14,25.9,2023-03-10,South,Credit Card,2.0,47.73,False
4352,5353,Camera,Books,28.87,17,8.8,2024-07-11,South,PayPal,3.0,169.88,False
4353,5354,Tablet,Sports,28.46,3,0.9,2022-09-07,West,Credit Card,3.0,181.76,False
4354,5355,Tablet,Food,14.77,15,38.6,2024-03-01,North,Cash,5.0,192.03,False
4355,5356,Tablet,Clothing,27.92,19,35.7,2022-01-16,North,PayPal,3.0,143.9,False
4356,5357,Phone,Home,25.3,8,35.5,2022-06-09,South,Cash,4.0,720.09,True
4357,5358,Laptop,Food,53.67,11,28.9,2024-09-05,East,Credit Card,2.0,135.66,False
4358,5359,Camera,Books,310.26,17,25.9,2022-09-02,North,credit card,2.0,161.39,False
4359,5360,Keyboard,Sports,158.3,9,20.8,2023-03-25,East,Credit Card,1.0,441.74,False
4360,5361,Camera,Electronics,32.13,10,27.1,2023-12-12,East,Credit Card,3.0,101.73,False
4361,5362,Tablet,Sports,13.37,13,15.8,2022-03-21,East,Cash,4.0,79.86,False
4362,5363,Laptop,Sports,252.85,3,25.5,2022-10-13,West,PAYPAL,5.0,25.35,False
4363,5364,Headphones,Books,18.43,1,10.0,2022-08-17,North,Credit Card,3.0,191.14,False
4364,5365,Tablet,Home,68.04,2,33.0,2022-10-16,South,PayPal,1.0,153.81,False
4365,5366,Monitor,Sports,26.41,11,32.5,2023-04-16,South,PAYPAL,5.0,849.33,False
4366,5367,Phone,Books,32.7,11,37.8,2024-03-25,West,Cash,2.0,57.54,False
4367,5368,Phone,Electronics,19.82,3,15.2,2024-10-26,East,PayPal,2.0,325.13,False
4368,5369,Laptop,Electronics,34.2,13,15.0,2024-04-05,East,credit card,3.0,345.91,False
4369,5370,Keyboard,Clothing,78.61,10,27.3,2023-03-14,South,PAYPAL,2.0,70.36,False
4370,5371,Phone,Electronics,10.46,10,38.6,2022-04-20,East,PAYPAL,5.0,43.03,False
4371,5372,Headphones,Books,51.56,12,11.7,2023-07-05,South,PayPal,3.0,383.99,True
4372,5373,Tablet,Books,19.65,11,2.4,2023-02-21,East,PayPal,2.0,436.85,False
4373,5374,Monitor,Clothing,115.07,16,0.8,2024-05-02,West,credit card,1.0,37.62,False
4374,5375,Phone,Home,106.28,19,19.1,2023-07-16,North,Credit Card,3.0,11.86,False
4375,5376,Keyboard,Clothing,339.95,16,38.0,2022-01-04,North,PAYPAL,2.0,137.75,False
4376,5377,,Electronics,13.24,17,34.2,2024-01-08,South,Cash,3.0,468.59,False
4377,5378,Monitor,Home,89.33,15,5.5,2022-07-05,West,PayPal,2.0,8.73,False
4378,5379,Headphones,Books,78.91,19,19.8,2022-09-10,West,Credit Card,2.0,12.49,True
4379,5380,Phone,Sports,49.85,18,13.3,2024-01-13,South,Cash,1.0,152.67,False
4380,5381,Monitor,Electronics,84.67,15,22.8,2024-02-11,West,PayPal,4.0,262.88,False
4381,5382,Other,Food,13.89,14,8.8,2024-09-20,North,PAYPAL,4.0,82.15,False
4382,5383,Laptop,Books,343.46,2,21.2,2024-02-08,East,Credit Card,1.0,82.28,False
4383,5384,Camera,Clothing,84.73,14,32.8,2024-05-25,North,PAYPAL,3.0,99.5,True
4384,5385,Headphones,Home,194.62,19,31.6,2024-07-23,East,PayPal,4.0,452.03,False
4385,5386,Phone,Home,124.9,4,30.7,2023-12-31,South,credit card,2.0,567.7,False
4386,5387,Monitor,Home,,14,32.1,2023-06-19,West,PayPal,3.0,286.25,True
4387,5388,Keyboard,Sports,58.58,18,2.4,2022-04-14,South,Cash,5.0,113.92,False
4388,5389,Tablet,Food,85.76,4,7.2,2024-09-26,East,Cash,4.0,35.75,False
4389,5390,Monitor,Books,19.13,17,37.3,2024-06-24,East,PayPal,1.0,350.94,False
4390,5391,Laptop,Electronics,361.07,1,3.6,2024-08-19,South,PayPal,1.0,761.34,False
4391,5392,Camera,Books,61.74,6,15.6,2024-06-20,South,credit card,3.0,871.17,False
4392,5393,Headphones,Electronics,13.51,4,30.0,2022-09-10,East,PayPal,4.0,248.08,False
4393,5394,Phone,Home,134.05,7,16.9,2024-05-26,South,credit card,4.0,365.14,False
4394,5395,Monitor,Electronics,30.12,7,39.4,2023-04-30,West,Credit Card,3.0,1319.24,False
4395,5396,Headphones,Clothing,28.01,1,3.4,2023-05-04,West,credit card,,4.23,False
4396,5397,Keyboard,Sports,8.11,8,3.6,2024-04-24,East,Cash,3.0,763.99,False
4397,5398,Laptop,Home,110.84,13,0.1,2023-09-13,West,Credit Card,3.0,15.34,False
4398,5399,Laptop,Books,195.92,18,1.8,2024-10-26,East,PAYPAL,1.0,57.91,False
4399,5400,Other,Sports,156.02,16,17.2,2022-02-22,South,Credit Card,5.0,757.03,False
4400,5401,Laptop,Home,13.75,10,36.7,2022-09-25,East,PayPal,2.0,78.61,False
4401,5402,Headphones,Food,121.39,8,16.7,2024-12-25,East,PayPal,2.0,85.45,False
4402,5403,Keyboard,Food,20.95,3,16.7,2022-10-06,West,Cash,5.0,542.62,False
4403,5404,Keyboard,Sports,50.88,8,20.5,2024-06-10,South,credit card,3.0,265.1,True
4404,5405,Monitor,Books,12.25,7,20.0,2023-12-16,South,Cash,2.0,150.07,False
4405,5406,Keyboard,Food,17.07,3,24.6,2023-11-06,North,PAYPAL,,223.53,False
4406,5407,Tablet,Electronics,27.73,12,12.2,2023-02-17,South,credit card,3.0,664.53,False
4407,5408,Tablet,Clothing,13.59,14,9.4,2022-05-29,North,Cash,3.0,209.67,False
4408,5409,Tablet,Sports,10827.90616876037,19,3.0,2022-12-20,North,Credit Card,4.0,7.68,False
4409,5410,Phone,Sports,20.23,7,8.4,2022-12-22,North,credit card,5.0,443.04,False
4410,5411,Keyboard,Food,101.32,1,18.9,2023-10-15,West,credit card,1.0,29.08,False
4411,5412,Camera,Electronics,439.69,7,12.2,2023-07-07,North,Cash,5.0,321.35,False
4412,5413,Camera,Sports,276.39,16,35.4,2024-11-29,North,Cash,1.0,251.38,False
4413,5414,Headphones,Food,9.62,5,21.7,2022-04-29,,Cash,3.0,62.18,False
4414,5415,,Electronics,14.34,16,3.3,2022-09-03,East,credit card,5.0,57.46,False
4415,5416,Camera,Sports,109.3,10,33.9,2022-05-21,North,Credit Card,3.0,553.27,False
4416,5417,Camera,Books,53.11,12,1.1,2024-02-06,South,Credit Card,1.0,41.77,False
4417,5418,Laptop,Food,180.54,13,32.0,2024-07-20,South,Credit Card,1.0,301.96,False
4418,5419,Tablet,Books,43.42,8,8.5,2022-10-23,North,credit card,2.0,535.6,False
4419,5420,,Clothing,91.52,2,18.7,2023-05-29,East,PayPal,3.0,310.76,False
4420,5421,Monitor,Clothing,73.71,16,33.5,2024-11-15,West,PayPal,1.0,105.19,False
4421,5422,Tablet,Home,16.53,6,9.1,2022-05-03,East,Cash,4.0,132.01,True
4422,5423,Headphones,Electronics,225.51,19,22.0,2023-01-01,East,PayPal,4.0,41.81,False
4423,5424,Tablet,Books,7.58,18,29.8,2022-07-09,West,Credit Card,2.0,251.38,False
4424,5425,Tablet,Clothing,68.11,16,16.2,2022-03-31,West,PayPal,4.0,213.9,False
4425,5426,Headphones,Home,37.8,17,1.4,2023-10-25,East,Cash,1.0,347.41,False
4426,5427,Headphones,Books,61.91,10,18.5,2022-02-18,North,PAYPAL,2.0,243.9,False
4427,5428,Laptop,Books,39.14,12,6.1,2024-01-05,West,PayPal,5.0,114.04,False
4428,5429,Phone,Books,48.89,14,32.6,2023-01-11,East,PayPal,4.0,839.11,False
4429,5430,Headphones,Sports,27.63,4,33.8,2022-07-19,South,Cash,4.0,175.37,False
4430,5431,Monitor,Home,93.98,3,18.2,2024-04-21,South,Credit Card,5.0,131.39,False
4431,5432,Keyboard,Food,10.78,13,23.3,2023-01-01,West,Cash,4.0,13.97,False
4432,5433,Keyboard,Sports,30.23,1,7.7,2022-06-20,South,Credit Card,5.0,295.99,False
4433,5434,Keyboard,Books,31.69,3,1.0,2023-10-08,North,PayPal,3.0,426.52,False
4434,5435,Phone,Books,65.64,3,21.5,2022-06-29,East,PayPal,2.0,105.8,False
4435,5436,Other,Food,120.2,15,26.5,2024-03-15,,PAYPAL,1.0,238.86,False
4436,5437,Headphones,Books,11.86,6,26.8,2022-10-30,East,credit card,1.0,74.33,True
4437,5438,Phone,Food,6.94,8,5.9,2023-03-21,East,Cash,4.0,444.91,False
4438,5439,Headphones,Home,153.1,16,23.2,2024-05-22,West,Credit Card,2.0,230.19,False
4439,5440,Monitor,Sports,35.92,4,27.8,2024-10-14,North,Credit Card,5.0,1206.84,False
4440,5441,Other,Electronics,191.92,10,15.5,2024-02-27,West,PayPal,4.0,200.8,False
4441,5442,Phone,Electronics,32.3,2,2.9,2022-01-27,North,Credit Card,3.0,82.13,False
4442,5443,Phone,Sports,55.98,5,16.4,2022-03-22,West,Cash,2.0,198.41,False
4443,5444,Keyboard,Clothing,20.47,3,36.3,2024-09-09,West,Credit Card,5.0,589.09,False
4444,5445,Monitor,Home,18.22,19,20.4,2024-10-04,South,PayPal,5.0,348.65,False
4445,5446,Monitor,Home,111.59,17,35.6,2022-08-29,South,Credit Card,1.0,257.99,False
4446,5447,Tablet,Books,35.81,16,23.5,2024-04-25,North,PayPal,3.0,499.89,False
4447,5448,Camera,Home,21.32,8,32.6,2023-03-15,North,credit card,1.0,132.56,False
4448,5449,Headphones,Books,275.95,1,0.3,2024-03-20,East,Cash,2.0,110.12,True
4449,5450,Tablet,Sports,58.31,8,39.0,2024-05-29,East,PayPal,5.0,421.74,False
4450,5451,Tablet,Books,103.55,2,33.6,2024-03-25,South,credit card,1.0,138.67,False
4451,5452,Headphones,Home,83.45,8,9.1,2023-10-11,West,credit card,5.0,110.57,False
4452,5453,Phone,Clothing,72.17,9,2.2,2023-01-29,East,PayPal,2.0,351.8,False
4453,5454,Laptop,Sports,12.52,19,22.3,2023-01-09,West,PAYPAL,5.0,168.3,True
4454,5455,Tablet,Clothing,6.32,15,32.4,2023-08-13,East,Credit Card,4.0,126.29,False
4455,5456,Phone,Sports,59.0,8,5.4,2023-02-07,East,PayPal,1.0,227.03,False
4456,5457,Tablet,Sports,24.97,16,23.3,2023-08-06,West,PAYPAL,2.0,826.99,True
4457,5458,Phone,Home,8.11,5,37.1,2022-01-27,West,Cash,4.0,257.1,False
4458,5459,Phone,Sports,16.24,2,,2022-09-18,South,PayPal,1.0,18.2,False
4459,5460,Keyboard,Food,62.84,4,19.5,2023-10-21,South,credit card,1.0,444.92,False
4460,5461,Monitor,Home,178.38,18,30.8,2022-12-30,West,PayPal,5.0,64.66,True
4461,5462,Laptop,Home,16.37,15,10.3,2023-06-19,North,Credit Card,4.0,782.27,False
4462,5463,Monitor,Books,46.4,14,23.7,2023-05-24,South,credit card,2.0,609.29,False
4463,5464,Tablet,Books,29.94,15,26.2,2022-07-13,West,Credit Card,5.0,127.75,False
4464,5465,Tablet,Sports,6.52,1,5.6,2022-03-14,East,Credit Card,1.0,170.66,False
4465,5466,Headphones,Clothing,73.91,15,6.6,2023-05-11,West,PayPal,2.0,252.3,False
4466,5467,Monitor,Electronics,60.87,11,6.2,2022-04-27,North,Credit Card,1.0,714.76,False
4467,5468,Laptop,Books,156.63,3,21.9,2023-01-25,,Cash,1.0,159.39,False
4468,5469,Phone,Food,96.09,19,21.5,2024-05-06,East,Cash,5.0,458.63,False
4469,5470,Tablet,Sports,131.69,1,10.3,2024-12-08,,PayPal,4.0,62.25,False
4470,5471,Keyboard,Food,71.95,19,2.9,2023-01-21,West,PAYPAL,5.0,719.42,False
4471,5472,Phone,Food,32.6,14,19.5,2024-10-15,North,Cash,3.0,211.92,False
4472,5473,Tablet,Electronics,52.4,15,9.8,2023-12-15,West,PayPal,5.0,84.91,False
4473,5474,Keyboard,Clothing,5.37,3,6.4,2023-05-22,East,PAYPAL,4.0,126.84,False
4474,5475,Tablet,Books,5.54,16,17.4,2022-07-13,North,PayPal,4.0,473.25,False
4475,5476,Laptop,Home,72.23,4,23.5,2024-02-28,North,Cash,1.0,4.05,True
4476,5477,Keyboard,Sports,590.61,5,11.9,2024-03-17,East,credit card,1.0,41.91,True
4477,5478,Laptop,Clothing,69.54,15,0.1,2024-05-18,East,Credit Card,2.0,32.89,False
4478,5479,Phone,Books,62.41,13,3.7,2024-12-08,South,credit card,5.0,67.79,False
4479,5480,Monitor,Electronics,55.07,16,15.6,2023-10-11,West,PayPal,4.0,211.65,False
4480,5481,Phone,Clothing,147.05,5,2.0,2024-06-23,East,Credit Card,1.0,79.67,True
4481,5482,Headphones,Books,178.92,4,28.7,2023-10-08,South,Credit Card,3.0,482.64,False
4482,5483,Headphones,Clothing,62.12,6,0.3,2023-04-24,North,Cash,5.0,398.79,True
4483,5484,Monitor,Electronics,35.17,9,7.0,2022-04-06,North,PayPal,5.0,79.62,False
4484,5485,Headphones,Home,18.54,17,27.0,2024-01-18,West,Credit Card,3.0,92.02,False
4485,5486,Headphones,Clothing,120.14,15,7.2,2024-07-02,South,Cash,3.0,245.98,False
4486,5487,Headphones,Food,90.41,6,8.9,2023-03-24,East,PayPal,5.0,240.65,False
4487,5488,Laptop,Books,46.91,8,32.5,2022-08-09,North,PAYPAL,5.0,344.87,True
4488,5489,Keyboard,Books,18.05,12,25.4,2023-05-09,South,credit card,3.0,477.47,False
4489,5490,Other,Sports,40.3,19,22.6,2023-10-07,North,Cash,4.0,43.9,True
4490,5491,Phone,Electronics,140.86,14,24.4,2022-03-06,South,Credit Card,2.0,523.77,False
4491,5492,Headphones,Books,40.99,12,25.4,2022-08-09,North,credit card,3.0,228.98,True
4492,5493,Tablet,Books,16.49,4,28.1,2023-09-04,West,Credit Card,1.0,312.46,False
4493,5494,Tablet,Sports,50.15,18,30.5,2024-03-31,West,PayPal,4.0,786.35,False
4494,5495,Tablet,Sports,120.08,2,7.9,2023-01-23,North,Credit Card,5.0,499.07,False
4495,5496,Tablet,Clothing,142.03,500,7.4,2023-06-20,South,Cash,4.0,69.56,False
4496,5497,Headphones,Sports,125.87,3,26.6,2024-08-15,South,credit card,2.0,1027.31,False
4497,5498,Tablet,Food,85.09,4,24.0,2022-07-24,North,Credit Card,5.0,23.2,False
4498,5499,Keyboard,Electronics,182.26,9,3.7,2023-07-21,East,Credit Card,2.0,517.94,False
4499,5500,Tablet,Home,38.01,18,33.4,2022-05-17,West,PAYPAL,2.0,619.54,False
4500,5501,Laptop,Books,292.89,3,24.8,2024-04-27,North,Credit Card,5.0,72.61,False
4501,5502,Monitor,Electronics,14.16,5,18.1,2024-03-31,South,credit card,2.0,155.6,False
4502,5503,Phone,Food,379.15,9,32.2,2023-03-22,East,Cash,3.0,105.4,True
4503,5504,Camera,Home,172.72,9,33.8,2022-08-09,South,Credit Card,1.0,40.21,False
4504,5505,Phone,Home,84.45,10,13.5,2023-08-28,East,credit card,5.0,56.86,False
4505,5506,Monitor,Books,48.48,19,30.8,2022-08-12,West,PayPal,2.0,91.38,False
4506,5507,Headphones,Home,79.73,9,9.6,2022-12-09,North,credit card,4.0,97.72,False
4507,5508,Camera,Sports,44.49,18,16.9,2022-12-19,South,PayPal,1.0,4.64,False
4508,5509,Phone,Electronics,154.71,11,30.7,2024-08-31,North,Cash,5.0,823.1,False
4509,5510,Keyboard,Food,49.59,12,13.5,2024-08-27,North,PayPal,2.0,78.92,False
4510,5511,Tablet,Sports,251.18,1,18.4,2024-03-07,West,Credit Card,2.0,488.39,False
4511,5512,Tablet,Electronics,82.0,6,4.7,2024-11-07,South,Credit Card,4.0,661.22,False
4512,5513,Laptop,Books,39.16,10,22.3,2023-07-01,North,credit card,3.0,181.13,False
4513,5514,Headphones,Sports,15.87,13,4.6,2024-07-25,North,credit card,4.0,118.35,False
4514,5515,Monitor,Books,182.88,2,7.4,2024-10-27,West,Credit Card,5.0,165.42,False
4515,5516,Tablet,Books,263.8,18,28.5,2023-06-09,North,Cash,2.0,239.15,False
4516,5517,Headphones,Food,17.32,3,4.1,2023-11-02,South,Credit Card,3.0,763.92,False
4517,5518,Monitor,Electronics,257.18,12,10.8,2024-04-11,North,Cash,2.0,549.38,False
4518,5519,Phone,Electronics,107.91,18,36.5,2022-12-15,East,PayPal,4.0,153.86,False
4519,5520,Headphones,Electronics,105.18,6,31.0,2024-05-27,East,PayPal,1.0,208.22,False
4520,5521,Laptop,Sports,166.23,7,34.8,2024-05-20,West,Credit Card,,835.56,False
4521,5522,Camera,Sports,34.4,18,34.9,2024-03-21,West,PayPal,4.0,98.29,False
4522,5523,Monitor,Clothing,28.3,16,9.6,2023-02-09,West,Credit Card,,260.55,False
4523,5524,Tablet,Food,106.34,1,30.0,2024-07-03,West,Credit Card,1.0,227.04,False
4524,5525,Keyboard,Electronics,202.76,13,31.9,2024-04-07,North,Credit Card,4.0,27.59,False
4525,5526,Camera,Books,134.46,11,5.6,2022-10-30,South,credit card,1.0,78.72,False
4526,5527,Keyboard,Sports,133.06,9,22.2,2022-01-26,West,Credit Card,4.0,359.88,False
4527,5528,Monitor,Home,97.81,10,5.5,2024-06-13,South,PayPal,3.0,189.27,False
4528,5529,Tablet,Sports,19.62,8,18.0,2023-03-30,North,Credit Card,1.0,1.49,False
4529,5530,Headphones,Clothing,91.08,15,33.0,2022-10-11,South,Cash,2.0,20.8,False
4530,5531,Headphones,Clothing,18.41,19,2.2,2022-11-19,South,PayPal,3.0,140.51,False
4531,5532,Laptop,Books,42.83,6,3.8,2022-03-08,East,PayPal,,250.07,False
4532,5533,Camera,Books,18.28,8,3.8,2022-11-02,West,Credit Card,4.0,605.23,False
4533,5534,Phone,Electronics,24.97,16,17.1,2024-09-26,North,credit card,4.0,266.49,False
4534,5535,Laptop,Food,8.07,6,33.9,2022-10-03,North,Cash,4.0,286.26,True
4535,5536,Phone,Books,49505.75398463282,19,25.5,2023-04-27,East,Credit Card,3.0,296.95,False
4536,5537,Tablet,Clothing,80.42,15,39.1,2022-10-31,East,PayPal,1.0,171.32,False
4537,5538,Headphones,Sports,82.2,2,15.6,2022-10-26,South,Cash,1.0,3.83,False
4538,5539,Tablet,Electronics,16.18,4,32.4,2024-05-31,South,Cash,1.0,258.5,False
4539,5540,Laptop,Electronics,63.4,19,1.8,2022-12-22,East,PayPal,2.0,43.91,False
4540,5541,Keyboard,Food,47.66,12,24.1,2024-11-19,North,Cash,5.0,119.06,False
4541,5542,Headphones,Sports,30.34,8,35.3,2024-09-18,West,Credit Card,5.0,3713.87,False
4542,5543,Keyboard,Clothing,28.75,8,1.6,2023-10-06,South,credit card,3.0,355.38,False
4543,5544,Monitor,Sports,253.34,8,29.0,2024-04-24,East,credit card,2.0,832.92,False
4544,5545,Tablet,Electronics,6.42,3,12.8,2024-06-06,South,credit card,3.0,288.26,False
4545,5546,Camera,Clothing,32.83,13,34.7,2022-10-09,East,Cash,4.0,388.94,False
4546,5547,Phone,Electronics,10.17,16,36.8,2023-01-10,South,PayPal,5.0,213.08,False
4547,5548,,Clothing,15.49,4,11.8,2024-07-31,South,credit card,1.0,78.8,False
4548,5549,Keyboard,Electronics,98.52,2,7.9,2024-04-14,West,Cash,3.0,955.83,True
4549,5550,Camera,Books,304.26,12,10.1,2023-01-29,East,PAYPAL,4.0,511.39,False
4550,5551,Laptop,Food,120.3,4,15.7,2024-05-26,West,Cash,4.0,39.48,True
4551,5552,Monitor,Electronics,82.17,12,26.3,2024-12-17,North,Cash,2.0,376.08,False
4552,5553,Camera,Electronics,17.47,18,37.4,2023-06-20,West,Cash,2.0,82.09,False
4553,5554,Laptop,Electronics,6.06,19,0.4,2022-12-31,North,Credit Card,1.0,209.19,False
4554,5555,Headphones,Sports,181.84,3,1.9,2022-10-06,West,Cash,4.0,0.09,True
4555,5556,Headphones,Food,59.58,3,27.1,2024-07-07,North,PAYPAL,4.0,636.39,False
4556,5557,Tablet,Food,53.96,9,13.1,2022-03-31,South,credit card,1.0,340.86,False
4557,5558,Keyboard,Food,12.39,7,32.8,2022-06-03,North,PayPal,4.0,198.72,False
4558,5559,Camera,Sports,101.16,7,13.7,2024-12-26,North,Credit Card,2.0,443.46,False
4559,5560,Monitor,Food,90.13,8,28.0,2024-08-11,North,Credit Card,2.0,170.55,False
4560,5561,Phone,Clothing,10.51,17,20.7,2022-05-30,North,Cash,5.0,723.65,False
4561,5562,Keyboard,Food,49.94,500,31.9,2022-09-03,South,credit card,5.0,154.91,False
4562,5563,Camera,Electronics,87.83,5,29.6,2022-08-07,East,Credit Card,2.0,60.15,False
4563,5564,Monitor,Books,18.32,13,8.2,2024-01-31,East,Cash,2.0,321.58,False
4564,5565,Headphones,Sports,75.93,12,4.5,2024-04-14,East,credit card,3.0,248.75,False
4565,5566,Monitor,Books,72.02,9,6.3,2022-05-08,East,PayPal,1.0,35.73,False
4566,5567,Camera,Electronics,23.89,10,23.1,2023-03-14,North,credit card,3.0,79.46,False
4567,5568,Camera,Sports,22.19,17,28.2,2024-10-30,South,Credit Card,2.0,128.5,False
4568,5569,Phone,Home,104.24,14,24.7,2023-12-06,North,PAYPAL,4.0,224.68,True
4569,5570,Phone,Clothing,265.41,8,33.6,2022-12-03,South,credit card,4.0,23.5,False
4570,5571,Headphones,Electronics,1026.69,2,12.5,2023-08-15,North,Cash,4.0,120.77,False
4571,5572,Headphones,Electronics,69.13,18,13.0,2024-01-22,East,PayPal,2.0,33.74,False
4572,5573,Other,Books,103.76,4,25.0,2023-04-02,South,PAYPAL,5.0,151.52,False
4573,5574,Monitor,Clothing,20.79,2,14.6,2022-02-13,South,credit card,4.0,65.72,False
4574,5575,Camera,Books,52.15,16,25.1,2024-01-03,West,PayPal,5.0,6.97,False
4575,5576,Phone,Clothing,29.64,9,17.8,2024-02-27,West,Credit Card,4.0,277.83,False
4576,5577,Laptop,Clothing,69.07,8,35.6,2024-12-20,North,Cash,4.0,760.07,True
4577,5578,Phone,Books,78.13,18,35.8,2023-07-25,North,Credit Card,5.0,185.33,False
4578,5579,Keyboard,Food,52.52,15,23.3,2022-08-10,East,PayPal,5.0,746.98,False
4579,5580,Tablet,Electronics,38.0,2,34.6,2024-09-15,South,Cash,3.0,359.82,False
4580,5581,Keyboard,Food,35.47,14,39.3,2023-07-27,North,Credit Card,2.0,395.74,True
4581,5582,Phone,Food,109.69,9,32.6,2022-06-14,East,PayPal,5.0,225.38,False
4582,5583,Tablet,Food,39.74,7,30.1,2024-07-05,West,Cash,2.0,179.19,False
4583,5584,Laptop,Books,25.07,8,34.2,2024-01-16,West,PAYPAL,4.0,249.9,False
4584,5585,Camera,Books,61.7,9,7.4,2022-01-24,West,Cash,5.0,158.81,False
4585,5586,Phone,Food,28.19,4,21.0,2022-08-02,East,Credit Card,1.0,108.81,False
4586,5587,Monitor,Home,130.49,13,20.2,2022-11-16,North,credit card,2.0,175.17,False
4587,5588,Monitor,Books,64.88,6,26.1,2023-06-03,North,PAYPAL,3.0,422.29,False
4588,5589,Tablet,Books,154.06,3,35.6,2022-05-03,East,credit card,2.0,738.97,False
4589,5590,Laptop,Sports,20.7,10,,2022-02-13,South,credit card,2.0,217.55,False
4590,5591,Headphones,Books,141.34,13,40.0,2023-11-27,South,PayPal,3.0,597.3,False
4591,5592,Laptop,Clothing,20.56,15,26.6,2022-09-08,East,PayPal,2.0,1209.03,False
4592,5593,Tablet,Electronics,10.18,11,9.3,2023-01-06,South,credit card,4.0,745.37,False
4593,5594,Headphones,Books,57.33,11,29.7,2023-07-14,North,Cash,1.0,190.51,False
4594,5595,Monitor,Electronics,9.77,8,34.7,2022-05-02,North,credit card,5.0,,False
4595,5596,Tablet,Clothing,31.13,5,21.2,2023-03-03,East,Credit Card,3.0,126.35,False
4596,5597,Keyboard,Home,45.61,17,29.5,2023-10-30,South,Cash,3.0,199.37,False
4597,5598,Monitor,Food,16.56,13,36.1,2022-12-29,North,credit card,5.0,187.94,False
4598,5599,Keyboard,Food,175.02,9,19.7,2024-04-14,West,PayPal,4.0,228.26,False
4599,5600,Phone,Electronics,23.09,10,29.1,2023-10-11,West,credit card,5.0,138.41,False
4600,5601,Keyboard,Clothing,21.83,8,,2024-01-09,North,PayPal,4.0,294.27,False
4601,5602,Monitor,Electronics,26.72,16,21.5,2024-06-02,North,Cash,2.0,90.52,True
4602,5603,Keyboard,Electronics,102.02,17,13.5,2022-08-27,South,credit card,5.0,1133.74,True
4603,5604,Keyboard,Electronics,47.71,10,21.3,2024-10-21,South,PayPal,2.0,195.69,False
4604,5605,Phone,Sports,464.06,2,32.0,2022-05-05,South,PAYPAL,3.0,68.4,False
4605,5606,Headphones,Electronics,19.92,13,24.7,2022-11-10,West,Cash,4.0,274.24,False
4606,5607,Monitor,Electronics,182.85,9,5.6,2024-08-03,West,PayPal,5.0,299.83,False
4607,5608,Tablet,Books,119.83,9,16.0,2023-07-07,East,PAYPAL,2.0,897.22,False
4608,5609,Camera,Home,84.44,3,39.8,2023-01-23,North,credit card,5.0,729.93,False
4609,5610,Keyboard,Food,185.37,19,5.5,2022-08-01,South,PayPal,1.0,266.75,False
4610,5611,Keyboard,Electronics,63.74,10,21.7,2023-12-23,South,credit card,3.0,376.34,False
4611,5612,Laptop,Books,85.34,1,31.5,2023-08-13,South,Credit Card,2.0,205.15,True
4612,5613,Tablet,Sports,16.13,17,3.1,2023-12-12,East,Cash,2.0,492.43,False
4613,5614,Keyboard,Home,37.35,11,0.4,2022-06-26,East,Credit Card,2.0,405.65,False
4614,5615,Headphones,Books,61.53,12,4.1,2024-01-17,South,PayPal,3.0,148.29,False
4615,5616,Other,Sports,63.41,2,37.1,2022-12-27,West,Credit Card,1.0,456.04,True
4616,5617,Phone,Books,188.79,1,15.6,2022-12-28,West,PayPal,1.0,608.33,False
4617,5618,Headphones,Books,35.44,5,21.3,2024-10-17,West,PayPal,4.0,45.13,False
4618,5619,Other,Home,20.07,12,27.5,2023-10-29,South,credit card,2.0,274.99,False
4619,5620,Keyboard,Sports,86.98,8,12.9,2022-10-11,West,PayPal,3.0,354.93,False
4620,5621,Tablet,Books,181.82,17,22.5,2024-07-04,South,Cash,1.0,405.24,False
4621,5622,Laptop,Home,24.08,16,1.7,2024-01-05,South,Credit Card,3.0,131.58,False
4622,5623,Monitor,Food,83.66,13,30.3,2023-06-13,South,Cash,4.0,2.37,False
4623,5624,Laptop,Sports,104.28,13,37.4,2023-02-23,West,PAYPAL,4.0,468.98,False
4624,5625,Tablet,Electronics,137.01,14,9.2,2024-05-27,South,Cash,2.0,941.64,False
4625,5626,Headphones,Clothing,140.29,11,34.7,2023-12-22,West,PayPal,3.0,54.53,False
4626,5627,Headphones,Electronics,93.49,8,12.2,2024-02-11,North,Credit Card,4.0,57.99,False
4627,5628,Keyboard,Electronics,25.77,4,21.2,2024-08-01,North,credit card,2.0,67.87,False
4628,5629,Phone,Clothing,74.97,17,23.2,2022-01-22,West,PayPal,3.0,232.66,False
4629,5630,Monitor,Sports,108.88,17,20.2,2024-04-24,North,credit card,3.0,979.81,False
4630,5631,Phone,Home,9.61,2,37.8,2022-08-04,East,Cash,4.0,656.35,False
4631,5632,Camera,Home,78.84,12,15.7,2022-09-19,North,Credit Card,5.0,420.58,False
4632,5633,Monitor,Home,108.05,5,3.8,2024-01-26,North,Cash,3.0,282.02,True
4633,5634,Tablet,Electronics,38.45,13,32.2,2023-03-29,West,Credit Card,2.0,76.36,False
4634,5635,Camera,Electronics,198.39,5,7.0,2022-12-03,South,PAYPAL,3.0,247.02,False
4635,5636,Other,Clothing,26.7,17,20.0,2024-04-14,North,credit card,2.0,173.75,False
4636,5637,Camera,Food,69.97,12,26.8,2024-04-19,North,PAYPAL,5.0,458.38,False
4637,5638,Camera,Clothing,25.11,8,1.5,2022-05-25,North,PAYPAL,3.0,15.92,False
4638,5639,Laptop,Clothing,23.17,10,35.6,2023-02-08,North,Cash,3.0,180.94,False
4639,5640,Other,Clothing,4.81,12,22.3,2024-08-29,North,PayPal,4.0,201.01,False
4640,5641,Other,Food,77.81,14,5.9,2022-10-25,South,credit card,1.0,70.4,False
4641,5642,Keyboard,Sports,46893.122106905554,12,22.2,2023-04-13,South,PayPal,3.0,150.41,False
4642,5643,Laptop,Books,27.86,10,3.5,2024-12-23,South,PayPal,3.0,111.21,False
4643,5644,Monitor,Food,285.49,3,21.2,2023-10-24,South,Credit Card,3.0,1061.32,True
4644,5645,Tablet,Electronics,59.91,16,31.7,2022-12-14,West,Credit Card,1.0,408.32,False
4645,5646,Camera,Books,174.83,1,30.3,2023-09-20,North,Cash,2.0,264.31,True
4646,5647,Keyboard,Books,98.62,11,31.5,2023-02-10,East,PAYPAL,4.0,363.37,False
4647,5648,Camera,Sports,34.77,9,2.0,2024-06-20,North,Cash,4.0,270.67,False
4648,5649,Headphones,Clothing,7.63,5,14.8,2023-06-09,West,Cash,3.0,115.76,False
4649,5650,Tablet,Home,34765.795120945244,9,0.2,2023-04-22,North,Cash,3.0,56.93,False
4650,5651,Monitor,Food,12.54,1,24.4,2024-04-21,South,Credit Card,1.0,48.96,False
4651,5652,Headphones,Electronics,57.14,15,11.8,2024-03-17,West,Cash,3.0,251.28,True
4652,5653,Laptop,Food,45.93,19,13.4,2024-06-16,East,PAYPAL,3.0,22.51,True
4653,5654,Phone,Sports,125.87,17,34.1,2023-05-22,West,Credit Card,5.0,212.09,True
4654,5655,Monitor,Books,171.44,7,33.0,2024-09-10,East,PAYPAL,1.0,45.52,False
4655,5656,Monitor,Food,34.89,12,31.1,2022-01-31,North,Cash,1.0,23.64,False
4656,5657,Laptop,Sports,58.26,11,6.8,2022-06-02,North,Credit Card,2.0,121.16,False
4657,5658,Laptop,Electronics,55.89,18,3.6,2024-09-13,South,credit card,2.0,196.56,False
4658,5659,Camera,Food,213.83,1,24.8,2022-09-23,South,Credit Card,1.0,538.91,True
4659,5660,Headphones,Clothing,62.56,5,16.3,2024-08-26,North,Credit Card,2.0,28.96,False
4660,5661,Tablet,Sports,30.3,12,27.8,2023-11-04,North,credit card,3.0,140.58,False
4661,5662,Laptop,Clothing,25.52,15,5.1,2023-09-07,West,Credit Card,2.0,334.57,False
4662,5663,Phone,Electronics,34.35,17,12.9,2024-07-06,West,Credit Card,3.0,632.26,False
4663,5664,Camera,Home,61.23,4,11.6,2023-05-08,North,credit card,2.0,255.86,False
4664,5665,Keyboard,Sports,367.32,12,39.6,2023-01-27,South,PayPal,3.0,126.08,False
4665,5666,Monitor,Sports,70.04,12,14.3,2024-04-20,South,Cash,3.0,68.58,False
4666,5667,Monitor,Electronics,4.86,7,38.7,2022-04-30,West,PayPal,5.0,257.07,True
4667,5668,Laptop,Electronics,68.46,14,38.9,2023-12-04,North,Credit Card,5.0,208.68,False
4668,5669,Phone,Books,102.86,1,37.9,2024-01-15,North,credit card,5.0,513.47,False
4669,5670,Monitor,Electronics,72.53,9,20.3,2023-09-13,East,PayPal,1.0,168.86,False
4670,5671,Headphones,Sports,169.32,11,18.7,2022-11-24,East,PayPal,2.0,1161.98,False
4671,5672,Phone,Food,15.9,5,21.9,2024-04-17,North,PayPal,1.0,153.73,False
4672,5673,Laptop,Electronics,93.83,16,39.7,2024-06-18,East,Cash,1.0,486.5,False
4673,5674,Keyboard,Electronics,27.44,19,15.9,2022-12-30,South,credit card,3.0,205.89,False
4674,5675,Camera,Food,107.33,9,6.1,2022-12-08,West,PayPal,3.0,382.52,True
4675,5676,Tablet,Electronics,37.52,8,36.9,2024-02-20,North,Cash,3.0,218.78,False
4676,5677,Tablet,Sports,126.05,12,13.1,2022-02-18,South,Credit Card,2.0,397.2,False
4677,5678,Keyboard,Clothing,11.84,15,32.4,2024-04-07,South,Credit Card,5.0,19.39,False
4678,5679,Camera,Clothing,31.54,19,0.7,2024-09-19,North,Cash,5.0,,False
4679,5680,Other,Books,23.39,14,31.1,2024-03-31,West,PayPal,2.0,205.42,False
4680,5681,Phone,Clothing,27.12,12,6.7,2023-12-31,West,PayPal,5.0,119.16,False
4681,5682,Other,Electronics,146.46,12,2.6,2024-10-18,East,Cash,5.0,250.98,False
4682,5683,Keyboard,Home,93.51,2,34.2,2023-09-13,South,Cash,4.0,59.81,False
4683,5684,Tablet,Books,47.03,19,8.3,2023-07-30,South,Credit Card,3.0,212.34,False
4684,5685,Headphones,Home,10.59,18,30.4,2024-03-27,North,Cash,1.0,337.33,False
4685,5686,Phone,Sports,183.57,17,3.1,2023-02-22,South,Cash,1.0,61.09,False
4686,5687,Laptop,Clothing,72.24,8,13.7,2022-07-17,South,PayPal,4.0,800.11,False
4687,5688,Phone,Electronics,19.14,7,,2024-06-25,West,Credit Card,1.0,279.42,False
4688,5689,Camera,Food,24.11,16,26.5,2024-05-04,East,PayPal,2.0,89.77,False
4689,5690,Phone,Clothing,211.97,13,29.5,2024-09-09,West,PayPal,2.0,443.2,True
4690,5691,Phone,Books,344.09,8,34.7,2024-11-28,East,PAYPAL,1.0,295.49,False
4691,5692,Tablet,Sports,22.53,13,21.3,2023-05-24,North,Credit Card,4.0,81.8,False
4692,5693,Headphones,Clothing,76.18,3,12.2,2023-01-01,West,PayPal,5.0,49.18,False
4693,5694,Tablet,Clothing,34.62,7,3.8,2023-04-15,South,PayPal,3.0,787.08,False
4694,5695,Monitor,Sports,368.19,18,7.1,2023-05-25,South,PayPal,1.0,321.76,False
4695,5696,Keyboard,Electronics,38.48,1,37.8,2023-02-10,West,Credit Card,2.0,119.36,False
4696,5697,Headphones,Home,24.66,4,9.9,2023-08-27,West,Cash,4.0,155.41,False
4697,5698,Phone,Sports,93.01,11,14.6,2024-11-02,East,Cash,2.0,730.25,False
4698,5699,Tablet,Books,59.31,12,4.2,2023-10-03,South,PAYPAL,2.0,533.07,False
4699,5700,Camera,Food,53.67,10,14.7,2022-11-19,West,Credit Card,4.0,42.07,False
4700,5701,Other,Clothing,20.76,8,10.7,2023-06-26,West,credit card,1.0,168.32,False
4701,5702,Phone,Food,18.85,10,28.9,2023-08-29,West,Cash,1.0,111.39,False
4702,5703,Laptop,Electronics,42.84,15,36.5,2023-04-22,East,Cash,3.0,506.29,True
4703,5704,Laptop,Sports,174.98,12,0.9,2022-07-22,West,Credit Card,5.0,208.33,False
4704,5705,Camera,Clothing,104.92,13,0.9,2023-12-17,South,credit card,3.0,251.38,False
4705,5706,Monitor,Sports,27.5,11,,2023-10-22,South,Credit Card,4.0,508.93,False
4706,5707,Monitor,Electronics,7.56,1,25.3,2023-08-17,East,Credit Card,5.0,163.25,False
4707,5708,Other,Books,83.62,17,13.1,2024-05-19,East,Cash,3.0,192.7,False
4708,5709,Monitor,Sports,276.44,3,21.6,2023-07-06,North,Cash,4.0,87.35,False
4709,5710,Camera,Electronics,223.92,11,33.4,2023-08-04,East,Credit Card,2.0,61.02,False
4710,5711,Keyboard,Sports,12.1,15,35.6,2022-02-10,West,Credit Card,3.0,,False
4711,5712,Monitor,Food,40.65,11,12.3,2024-07-21,West,Cash,2.0,35.97,False
4712,5713,Camera,Food,28.1,8,,2022-10-09,South,Cash,1.0,225.8,False
4713,5714,Headphones,Clothing,13.99,7,4.6,2024-03-16,East,Cash,1.0,183.97,False
4714,5715,Keyboard,Sports,80.69,19,36.5,2022-05-04,North,Credit Card,1.0,156.35,False
4715,5716,Monitor,Electronics,276.78,3,14.1,2023-10-31,East,PAYPAL,5.0,118.61,False
4716,5717,Keyboard,Books,169.13,10,2.4,2022-08-08,South,credit card,5.0,654.66,False
4717,5718,Phone,Electronics,51.44,15,28.0,2022-12-04,West,Credit Card,3.0,158.18,False
4718,5719,Phone,Home,145.22,16,22.0,2023-01-12,South,PayPal,2.0,4.9,False
4719,5720,Keyboard,Clothing,101.68,10,21.0,2023-10-28,West,PayPal,2.0,164.8,False
4720,5721,Tablet,Electronics,196.02,7,16.6,2024-06-18,East,Cash,5.0,774.83,False
4721,5722,Laptop,Food,19.38,11,11.6,2024-02-02,East,credit card,1.0,299.6,False
4722,5723,Laptop,Sports,64.2,14,12.6,2023-10-24,West,PayPal,4.0,404.39,False
4723,5724,Phone,Books,75.8,7,33.2,2024-05-13,South,PayPal,5.0,89.81,False
4724,5725,Keyboard,Home,357.58,2,25.8,2022-05-19,East,credit card,3.0,169.19,True
4725,5726,Monitor,Books,18.74,7,38.3,2023-06-12,East,Credit Card,2.0,104.44,False
4726,5727,Laptop,Food,4.7,9,23.3,2024-02-03,North,PayPal,5.0,82.11,False
4727,5728,Monitor,Food,178.25,2,29.4,2023-04-07,North,credit card,1.0,112.32,False
4728,5729,Laptop,Sports,65.43,17,34.4,2022-02-02,West,Credit Card,3.0,147.47,True
4729,5730,Camera,Home,103.13,17,36.4,2023-05-10,South,credit card,4.0,65.02,False
4730,5731,Phone,Sports,218.14,14,15.4,2022-03-08,West,credit card,2.0,197.63,False
4731,5732,Tablet,Books,64.45,11,10.0,2022-02-12,South,Credit Card,2.0,515.23,False
4732,5733,Keyboard,Sports,22.76,9,35.5,2024-10-31,West,credit card,5.0,212.67,False
4733,5734,Headphones,Home,64.64,14,36.3,2022-12-01,South,Credit Card,5.0,320.49,False
4734,5735,Tablet,Sports,70.42,4,0.3,2022-04-24,North,PayPal,4.0,47.37,False
4735,5736,Laptop,Home,40.41,1,5.7,2024-12-02,West,Cash,1.0,7.84,False
4736,5737,Tablet,Books,157.27,4,16.8,2024-10-11,South,Credit Card,4.0,139.36,False
4737,5738,Tablet,Electronics,311.88,15,0.3,2022-11-10,North,PayPal,2.0,25.61,False
4738,5739,Tablet,Electronics,19.6,10,5.0,2022-11-23,West,credit card,3.0,31.53,False
4739,5740,Laptop,Electronics,26.31,4,21.6,2023-03-12,North,PAYPAL,1.0,1710.88,False
4740,5741,Keyboard,Food,50.75,18,4.0,2024-04-18,West,PayPal,5.0,249.97,True
4741,5742,Phone,Electronics,37.61,1,33.8,2024-08-06,East,Cash,1.0,11.39,False
4742,5743,Camera,Clothing,24.67,12,7.9,2022-09-19,South,Cash,4.0,59.51,False
4743,5744,Camera,Home,125.72,2,20.3,2023-07-02,East,PayPal,2.0,130.96,False
4744,5745,Monitor,Clothing,40.5,19,7.3,2022-10-01,North,PayPal,3.0,373.66,False
4745,5746,Phone,Home,31.46,10,12.5,2022-01-17,South,Credit Card,2.0,86.26,False
4746,5747,Tablet,Sports,98.14,2,31.7,2024-01-17,North,Credit Card,2.0,1378.28,False
4747,5748,Tablet,Clothing,15.28,18,16.3,2024-01-09,North,Credit Card,1.0,181.75,False
4748,5749,Headphones,Sports,5.75,16,11.2,2024-07-20,North,credit card,5.0,481.6,False
4749,5750,Headphones,Home,109.78,5,35.3,2022-09-13,West,Credit Card,2.0,5.34,False
4750,5751,Tablet,Electronics,175.37,19,18.1,2022-02-28,South,Credit Card,3.0,430.25,False
4751,5752,Headphones,Clothing,42.86,12,8.3,2022-11-10,North,Credit Card,3.0,142.58,False
4752,5753,Keyboard,Food,22.8,12,36.7,2024-09-26,North,Cash,5.0,474.34,False
4753,5754,Laptop,Home,46.63,4,12.5,2022-07-23,South,Credit Card,5.0,75.11,False
4754,5755,Headphones,Clothing,27.5,7,6.6,2023-01-09,North,Cash,3.0,73.45,False
4755,5756,Monitor,Food,19.32,12,27.3,2024-03-18,East,credit card,4.0,289.05,False
4756,5757,Phone,Home,28638.432923124572,1,23.1,2023-08-10,West,Credit Card,4.0,22.76,False
4757,5758,Keyboard,Books,22.17,12,20.9,2022-06-15,North,PayPal,1.0,721.76,False
4758,5759,Headphones,Home,139.53,3,5.7,2023-03-21,East,Credit Card,4.0,376.84,False
4759,5760,Headphones,Clothing,102.79,10,,2022-11-07,East,PayPal,2.0,99.89,False
4760,5761,Other,Electronics,77.23,11,32.1,2024-06-03,South,PayPal,5.0,114.72,False
4761,5762,Monitor,Sports,34.63,19,38.5,2023-10-05,South,Credit Card,3.0,543.83,False
4762,5763,Keyboard,Clothing,71.47,6,32.4,2022-10-28,West,Credit Card,4.0,368.72,False
4763,5764,Keyboard,Home,324.14,17,15.2,2024-12-17,East,Cash,5.0,375.83,False
4764,5765,Camera,Books,91.07,19,37.5,2022-01-29,South,PayPal,4.0,278.07,False
4765,5766,Laptop,Home,92.5,3,16.0,2022-05-07,West,PayPal,3.0,65.76,False
4766,5767,Keyboard,Clothing,176.13,6,12.4,2024-09-29,North,PayPal,1.0,749.82,False
4767,5768,Monitor,Books,23.68,7,21.2,2022-03-11,East,PayPal,2.0,25.47,False
4768,5769,Laptop,Home,48.79,4,7.8,2024-01-27,North,PAYPAL,5.0,46.15,False
4769,5770,Keyboard,Books,29.8,10,2.9,2023-10-26,West,credit card,3.0,4.72,False
4770,5771,Camera,Sports,18514.98623020618,12,11.8,2024-08-30,South,PayPal,1.0,271.54,False
4771,5772,Camera,Home,75.83,7,18.2,2023-12-13,North,Cash,1.0,595.74,False
4772,5773,Tablet,Electronics,21.1,1,22.1,2024-04-21,North,Cash,5.0,91.52,False
4773,5774,Camera,Electronics,264.85,2,18.6,2023-01-11,East,Cash,4.0,238.94,False
4774,5775,Headphones,Books,16.9,16,19.9,2022-08-13,North,PayPal,4.0,5.49,False
4775,5776,Laptop,Clothing,17.94,14,30.1,2024-11-10,South,credit card,4.0,742.82,False
4776,5777,Headphones,Sports,54.26,12,1.1,2022-06-03,East,Cash,5.0,,False
4777,5778,Monitor,Sports,127.19,19,39.7,2023-11-20,North,Credit Card,4.0,42.21,False
4778,5779,Headphones,Clothing,14.56,14,34.3,2022-10-14,North,Credit Card,1.0,34.49,False
4779,5780,Monitor,Food,,9,14.0,2022-03-14,North,Credit Card,2.0,80.46,False
4780,5781,Tablet,Sports,31.93,3,14.3,2022-01-13,South,Cash,5.0,108.13,False
4781,5782,Monitor,Clothing,31.65,18,25.8,2024-10-12,North,Credit Card,4.0,245.25,False
4782,5783,Tablet,Sports,98.6,6,17.6,2023-12-01,North,Cash,1.0,1.6,False
4783,5784,Monitor,Clothing,125.69,2,19.1,2024-11-05,East,Credit Card,1.0,5.46,False
4784,5785,Camera,Home,162.47,7,2.5,2024-08-06,South,Credit Card,1.0,759.73,False
4785,5786,Tablet,Home,7.79,2,21.4,2022-05-04,East,credit card,4.0,264.31,False
4786,5787,Other,Electronics,101.68,1,32.8,2022-02-27,East,Credit Card,2.0,659.66,False
4787,5788,Camera,Clothing,121.55,16,34.6,2023-01-30,South,Cash,2.0,454.44,False
4788,5789,Headphones,Electronics,17.51,7,35.3,2022-03-04,North,Cash,2.0,122.78,False
4789,5790,Camera,Food,25.79,13,31.6,2022-01-21,South,PayPal,4.0,218.03,False
4790,5791,Monitor,Clothing,58.84,7,9.5,2023-03-02,West,Cash,1.0,754.81,False
4791,5792,Camera,Home,25.9,19,16.4,2022-08-24,West,Credit Card,1.0,366.72,False
4792,5793,Phone,Home,32.83,3,7.0,2024-02-15,North,Credit Card,3.0,578.77,True
4793,5794,Headphones,Electronics,464.31,7,38.7,2023-01-11,East,PAYPAL,2.0,44.71,False
4794,5795,Keyboard,Books,20.7,18,13.6,2023-03-07,East,PayPal,5.0,171.41,False
4795,5796,Other,Food,26.81,7,12.2,2022-12-13,West,Credit Card,1.0,674.93,False
4796,5797,Camera,Electronics,94.6,7,15.0,2022-06-14,North,Credit Card,3.0,168.47,False
4797,5798,Tablet,Home,,3,38.8,2023-06-04,South,PAYPAL,5.0,31.67,False
4798,5799,Tablet,Clothing,36.37,4,34.2,2022-01-10,South,PayPal,3.0,240.2,False
4799,5800,Laptop,Books,184.42,16,1.0,2023-12-24,East,PayPal,5.0,23.69,False
4800,5801,Laptop,Food,24.81,10,12.5,2022-03-04,North,Cash,4.0,157.22,False
4801,5802,Headphones,Sports,24.16,11,18.5,2022-07-29,North,credit card,5.0,764.71,False
4802,5803,Phone,Electronics,18.64,14,16.7,2024-06-10,East,Cash,2.0,57.84,False
4803,5804,Keyboard,Clothing,265.25,12,32.3,2022-06-08,North,credit card,1.0,144.32,True
4804,5805,Laptop,Home,59.67,16,13.7,2022-01-30,North,PayPal,5.0,368.47,False
4805,5806,Phone,Sports,54.42,15,30.6,2024-07-02,South,Credit Card,4.0,,False
4806,5807,Monitor,Books,152.48,8,14.7,2022-06-20,East,Credit Card,2.0,929.14,False
4807,5808,Laptop,Books,44.74,9,38.8,2023-06-22,West,credit card,1.0,308.03,False
4808,5809,Monitor,Food,10.54,6,13.8,2022-03-11,East,PayPal,5.0,181.44,False
4809,5810,Monitor,Electronics,16.94,19,6.6,2022-06-22,East,Credit Card,2.0,522.93,False
4810,5811,Phone,Home,299.26,12,17.1,2022-03-02,West,Credit Card,3.0,13.82,False
4811,5812,Phone,Electronics,18.27,14,15.1,2024-11-15,South,Credit Card,1.0,507.02,False
4812,5813,Headphones,Food,148.12,14,31.5,2023-07-07,East,PayPal,4.0,93.58,False
4813,5814,Phone,Clothing,14.95,4,31.9,2023-07-21,South,credit card,2.0,4.9,False
4814,5815,Laptop,Clothing,13.83,9,25.9,2022-10-17,West,Credit Card,4.0,359.16,False
4815,5816,Headphones,Food,17.28,8,2.9,2023-12-08,East,Credit Card,2.0,264.35,False
4816,5817,Monitor,Electronics,13.43,19,5.9,2022-05-17,North,Cash,2.0,899.46,False
4817,5818,Tablet,Home,23.69,19,8.9,2023-08-31,North,Credit Card,1.0,1117.09,False
4818,5819,Headphones,Electronics,22.12,15,1.3,2024-03-21,West,Credit Card,3.0,286.76,False
4819,5820,Monitor,Clothing,409.86,14,31.5,2022-02-01,South,PAYPAL,3.0,952.66,False
4820,5821,Keyboard,Home,70.13,16,36.2,2023-04-04,South,Credit Card,2.0,349.22,False
4821,5822,Headphones,Clothing,52.08,1,33.2,2023-09-11,South,PAYPAL,5.0,30.97,False
4822,5823,Headphones,Books,17.55,1,24.9,2024-04-17,North,PayPal,4.0,219.88,False
4823,5824,Tablet,Books,22.99,10,10.9,2023-12-01,East,Cash,5.0,93.08,False
4824,5825,Phone,Food,55.53,14,3.2,2022-07-07,East,PayPal,1.0,188.4,False
4825,5826,Other,Electronics,39.02,17,25.9,2022-07-15,North,PAYPAL,2.0,206.38,False
4826,5827,Keyboard,Food,24.78,15,37.5,2022-06-04,South,Credit Card,3.0,87.66,False
4827,5828,Camera,Home,26.04,16,39.7,2023-07-25,West,PAYPAL,2.0,67.17,False
4828,5829,Monitor,Electronics,146.45,18,25.7,2022-06-24,North,PayPal,3.0,172.52,False
4829,5830,Keyboard,Books,141.03,9,21.2,2024-11-22,West,PayPal,3.0,340.44,False
4830,5831,Phone,Clothing,27.72,10,32.7,2023-08-22,West,Credit Card,3.0,705.27,False
4831,5832,Headphones,Clothing,25.26,5,38.2,2022-03-06,North,PayPal,1.0,484.34,False
4832,5833,Phone,Books,42.49,15,5.4,2023-08-22,East,credit card,4.0,96.61,False
4833,5834,Camera,Books,185.65,500,13.4,2023-05-07,South,PayPal,5.0,145.37,False
4834,5835,Monitor,Food,49.48,1,30.2,2023-05-20,East,PayPal,2.0,98.1,False
4835,5836,Laptop,Sports,94.34,18,13.9,2022-12-13,North,PayPal,4.0,620.77,False
4836,5837,Keyboard,Books,58.93,4,22.8,2024-09-10,North,Credit Card,4.0,1439.02,False
4837,5838,Phone,Clothing,20.8,9,39.1,2023-01-15,East,credit card,5.0,331.48,False
4838,5839,Laptop,Home,24.78,11,27.3,2022-08-28,West,Credit Card,3.0,239.85,True
4839,5840,Monitor,Sports,5.91,17,16.2,2022-09-12,North,Cash,,433.69,False
4840,5841,Monitor,Clothing,32.55,6,11.4,2023-06-10,East,Credit Card,5.0,1091.93,False
4841,5842,Tablet,Clothing,33.66,5,18.9,2024-07-28,East,Credit Card,4.0,380.13,False
4842,5843,Headphones,Home,64.42,9,27.4,2023-02-17,East,credit card,1.0,60.97,False
4843,5844,Laptop,Home,110.15,9,21.8,2023-10-19,West,Cash,2.0,503.27,False
4844,5845,Laptop,Food,37.86,6,5.7,2024-05-22,East,PAYPAL,5.0,473.41,False
4845,5846,Laptop,Electronics,137.94,10,1.3,2022-12-04,South,Credit Card,5.0,45.54,False
4846,5847,Laptop,Food,7.71,5,13.1,2022-09-06,West,credit card,1.0,185.39,False
4847,5848,Keyboard,Clothing,79.62,17,30.2,2023-10-25,South,credit card,3.0,564.43,False
4848,5849,Headphones,Books,130.07,9,26.0,2024-07-29,West,Credit Card,2.0,38.38,False
4849,5850,Phone,Books,100.73,17,13.1,2022-09-17,East,Credit Card,1.0,120.44,False
4850,5851,Laptop,Electronics,92.25,9,13.4,2023-12-31,West,Credit Card,4.0,33.78,False
4851,5852,Monitor,Food,37.03,18,30.0,2023-12-07,South,Cash,2.0,344.47,False
4852,5853,Phone,Home,180.45,16,29.4,2023-12-22,North,Cash,5.0,711.31,False
4853,5854,Laptop,Books,,5,30.8,2022-01-17,East,PayPal,3.0,317.1,False
4854,5855,Keyboard,Sports,36.71,8,5.8,2023-03-19,North,PayPal,5.0,232.19,False
4855,5856,Phone,Food,16.28,14,3.1,2023-10-18,West,PAYPAL,1.0,403.28,False
4856,5857,Keyboard,Electronics,51.71,9,15.9,2022-05-05,West,PayPal,3.0,573.12,False
4857,5858,Headphones,Electronics,115.43,19,25.9,2023-07-21,East,Credit Card,2.0,26.03,True
4858,5859,Monitor,Clothing,43.93,2,16.4,2022-02-24,East,PayPal,4.0,480.54,False
4859,5860,Monitor,Home,36.38,14,18.1,2022-11-03,East,credit card,5.0,326.7,False
4860,5861,Camera,Food,179.65,18,2.7,2023-02-16,East,Cash,4.0,118.58,True
4861,5862,Monitor,Clothing,19.5,7,,2022-11-20,East,Cash,3.0,1115.72,False
4862,5863,Tablet,Home,174.93,1,26.5,2024-08-01,South,Cash,3.0,244.38,False
4863,5864,Camera,Sports,42.62,15,7.3,2022-02-23,North,Cash,3.0,196.71,False
4864,5865,Tablet,Food,28.84,1,7.4,2023-06-25,North,PayPal,4.0,37.71,False
4865,5866,Camera,Electronics,92.52,3,12.3,2022-10-14,North,Credit Card,3.0,128.91,False
4866,5867,Laptop,Home,44.18,11,15.5,2022-04-16,East,PayPal,3.0,633.9,False
4867,5868,Tablet,Books,34.82,19,12.7,2023-03-01,South,Credit Card,4.0,399.32,False
4868,5869,Laptop,Food,5.76,11,33.0,2022-05-02,East,Credit Card,3.0,233.07,False
4869,5870,Laptop,Clothing,89.9,13,,2023-06-17,East,credit card,,254.36,True
4870,5871,Phone,Sports,180.05,16,28.8,2023-10-22,North,PayPal,4.0,35.52,True
4871,5872,,Food,162.05,17,1.3,2024-12-20,West,PayPal,2.0,573.67,False
4872,5873,Headphones,Home,34.11,11,1.4,2024-04-17,West,PAYPAL,1.0,660.36,False
4873,5874,Phone,Clothing,52.53,3,36.5,2024-01-28,South,Credit Card,5.0,834.82,False
4874,5875,Phone,Food,166.75,19,26.0,2023-06-16,South,Credit Card,1.0,62.72,False
4875,5876,Headphones,Clothing,120.19,3,10.5,2022-03-14,West,Cash,4.0,3.07,False
4876,5877,Headphones,Clothing,29.57,14,25.4,2024-09-21,South,PayPal,3.0,340.1,True
4877,5878,Phone,Food,45.32,8,39.4,2022-06-02,East,PAYPAL,1.0,4.57,False
4878,5879,Headphones,Food,28.37,9,12.6,2022-07-20,North,Credit Card,4.0,216.01,False
4879,5880,Monitor,Books,20.47,2,33.3,2024-09-27,West,Credit Card,2.0,22.84,False
4880,5881,Tablet,Clothing,245.48,4,30.5,2024-06-02,East,PayPal,1.0,71.18,False
4881,5882,Keyboard,Electronics,25.7,11,25.6,2023-12-05,East,credit card,4.0,15.2,False
4882,5883,Tablet,Food,102.27,9,23.4,2023-02-22,East,Credit Card,2.0,51.53,False
4883,5884,Tablet,Home,45.34,3,26.9,2023-12-08,South,credit card,4.0,101.07,False
4884,5885,Keyboard,Clothing,57.35,16,14.5,2022-04-04,East,credit card,4.0,295.3,False
4885,5886,Monitor,Electronics,230.74,12,38.0,2022-03-06,East,credit card,1.0,55.04,False
4886,5887,Monitor,Sports,235.45,17,1.9,2022-05-28,South,Cash,1.0,300.54,False
4887,5888,Tablet,Food,119.28,11,16.4,2023-05-30,South,PayPal,1.0,382.87,False
4888,5889,Laptop,Clothing,109.31,11,1.8,2023-12-08,East,PayPal,5.0,38.35,False
4889,5890,Laptop,Sports,326.71,19,27.4,2023-10-28,North,PayPal,3.0,1887.14,False
4890,5891,Headphones,Sports,24.54,10,7.2,2023-05-24,West,Credit Card,2.0,68.94,False
4891,5892,Phone,Home,73.26,8,12.9,2022-08-23,East,PayPal,3.0,94.67,False
4892,5893,Keyboard,Food,45.87,5,21.1,2022-06-11,South,Credit Card,1.0,507.28,False
4893,5894,Tablet,Home,36.0,13,36.2,2022-08-01,North,Credit Card,1.0,10.9,False
4894,5895,Camera,Books,12.98,6,38.9,2022-12-02,South,PayPal,3.0,190.76,False
4895,5896,Tablet,Electronics,16758.554120051565,12,37.7,2024-09-17,West,Credit Card,2.0,174.78,False
4896,5897,Laptop,Home,94.33,18,14.2,2024-12-12,North,Credit Card,1.0,1222.13,False
4897,5898,Other,Books,89.45,7,4.2,2022-11-22,East,Cash,5.0,344.87,False
4898,5899,Tablet,Food,32.04,12,4.7,2022-01-28,South,credit card,2.0,131.91,False
4899,5900,Monitor,Clothing,37.37,12,23.1,2022-01-07,North,Credit Card,5.0,702.78,False
4900,5901,Phone,Clothing,45.45,18,10.5,2023-07-17,North,Cash,4.0,343.47,False
4901,5902,Headphones,Food,38.99,4,24.1,2024-11-17,North,Credit Card,4.0,446.61,False
4902,5903,Phone,Food,155.44,2,34.4,2024-04-16,East,Cash,4.0,2477.23,False
4903,5904,Laptop,Home,82.4,2,6.5,2023-03-03,North,Cash,2.0,428.45,True
4904,5905,Other,Electronics,42213.35883723494,12,13.7,2022-01-29,East,Credit Card,4.0,12.69,False
4905,5906,Phone,Electronics,68.67,15,40.0,2024-06-16,East,Cash,1.0,671.02,False
4906,5907,Tablet,Food,127.14,5,20.3,2024-10-23,South,Credit Card,5.0,95.84,False
4907,5908,Monitor,Electronics,46.51,11,33.1,2024-05-23,East,Cash,4.0,243.34,False
4908,5909,Tablet,Clothing,286.64,8,21.8,2023-01-22,East,PayPal,3.0,191.34,False
4909,5910,Headphones,Books,295.87,14,7.1,2024-06-05,South,Cash,3.0,167.52,True
4910,5911,Phone,Home,66.93,18,34.0,2023-03-25,North,Credit Card,4.0,920.04,False
4911,5912,Phone,Electronics,104.41,7,22.2,2022-10-18,South,Cash,2.0,1604.85,False
4912,5913,Monitor,Sports,95.24,7,12.2,2024-07-04,South,PayPal,5.0,200.48,False
4913,5914,Tablet,Clothing,124.88,12,12.7,2022-03-19,West,credit card,3.0,466.49,False
4914,5915,Keyboard,Home,31.81,17,17.8,2024-01-14,East,Cash,5.0,279.75,False
4915,5916,Headphones,Books,54.67,1,16.5,2023-03-14,East,Credit Card,4.0,204.86,False
4916,5917,Tablet,Electronics,50.82,9,1.7,2024-01-13,North,Credit Card,4.0,532.08,False
4917,5918,Headphones,Books,91.69,18,20.0,2024-07-25,West,credit card,1.0,10.59,False
4918,5919,Keyboard,Clothing,87.87,8,39.3,2023-11-10,South,PAYPAL,3.0,4.85,False
4919,5920,Other,Home,71.71,2,18.4,2022-05-26,South,Credit Card,4.0,134.11,False
4920,5921,Headphones,Sports,81.88,17,3.3,2023-10-04,West,Credit Card,5.0,342.38,False
4921,5922,Monitor,Home,60.76,14,28.2,2022-12-29,North,Cash,4.0,29.99,False
4922,5923,Laptop,Home,56.57,3,12.3,2022-08-15,East,Credit Card,1.0,127.42,False
4923,5924,Phone,Sports,311.71,11,17.0,2022-05-12,North,PayPal,4.0,40.66,False
4924,5925,Laptop,Sports,23.51,2,8.9,2023-03-31,East,PAYPAL,1.0,347.45,False
4925,5926,Tablet,Electronics,51.74,14,31.4,2024-04-28,South,PAYPAL,2.0,139.88,True
4926,5927,Keyboard,Food,156.0,12,30.8,2024-02-10,South,credit card,1.0,219.58,True
4927,5928,Keyboard,Home,16.61,1,14.8,2022-03-29,South,Cash,1.0,220.86,True
4928,5929,Monitor,Food,66.66,19,30.1,2024-10-01,West,PayPal,4.0,136.1,False
4929,5930,Other,Sports,39.27,4,15.7,2022-01-14,South,Credit Card,1.0,465.82,False
4930,5931,Camera,Sports,148.51,17,32.4,2024-02-06,South,credit card,1.0,195.35,False
4931,5932,Tablet,Food,15.48,15,5.4,2023-11-11,West,PAYPAL,4.0,38.35,False
4932,5933,Phone,Home,230.82,5,31.7,2024-02-20,North,Cash,2.0,130.72,False
4933,5934,Phone,Clothing,60.38,17,14.8,2023-01-03,South,Credit Card,4.0,1138.13,False
4934,5935,Monitor,Electronics,117.28,19,16.9,2022-02-03,,Credit Card,2.0,1239.14,False
4935,5936,Camera,Home,30.36,17,39.4,2024-12-19,South,Cash,1.0,107.97,True
4936,5937,Tablet,Books,9.18,10,11.0,2023-09-26,East,Credit Card,4.0,749.5,False
4937,5938,Camera,Electronics,101.46,1,20.2,2024-09-18,North,PayPal,2.0,375.03,False
4938,5939,Tablet,Food,391.01,14,14.7,2024-05-20,South,PAYPAL,3.0,3.65,False
4939,5940,Monitor,Sports,60.47,12,39.1,2023-05-28,South,PayPal,4.0,150.67,False
4940,5941,Monitor,Clothing,71.04,11,8.1,2024-02-04,East,Credit Card,3.0,42.06,False
4941,5942,Camera,Books,31.26,6,12.5,2022-02-14,North,PayPal,5.0,57.08,False
4942,5943,Phone,Electronics,93.62,10,30.8,2023-01-28,West,PAYPAL,5.0,285.26,False
4943,5944,Headphones,Food,49.78,2,23.8,2022-09-24,West,Credit Card,3.0,37.4,False
4944,5945,Phone,Electronics,105.56,12,2.5,2023-02-14,South,PayPal,1.0,371.27,False
4945,5946,Monitor,Food,307.11,15,15.2,2024-02-04,South,Credit Card,5.0,989.93,False
4946,5947,Keyboard,Clothing,9.9,9,12.4,2024-11-23,West,Credit Card,2.0,726.2,False
4947,5948,Camera,Home,28.56,2,16.5,2022-07-20,West,PayPal,5.0,282.91,False
4948,5949,Tablet,Sports,89.91,9,21.6,2023-11-03,South,credit card,3.0,185.82,False
4949,5950,Headphones,Electronics,9.08,15,7.8,2024-03-29,South,Credit Card,3.0,173.76,False
4950,5951,Tablet,Food,601.32,18,11.3,2022-10-07,South,Cash,2.0,58.6,True
4951,5952,Camera,Sports,22.47,7,17.6,2022-10-18,North,Credit Card,3.0,238.05,False
4952,5953,Phone,Clothing,59.5,6,35.7,2023-01-01,North,PayPal,2.0,115.05,False
4953,5954,Keyboard,Sports,20.33,15,23.4,2022-01-08,North,Credit Card,1.0,396.02,False
4954,5955,Laptop,Sports,43.59,16,1.2,2023-08-01,North,PayPal,3.0,15.91,False
4955,5956,Phone,Clothing,6.35,1,28.7,2022-05-01,South,Credit Card,1.0,372.65,False
4956,5957,Tablet,Home,156.82,8,18.0,2024-08-22,South,PayPal,5.0,767.99,False
4957,5958,Keyboard,Books,177.09,17,0.6,2022-08-06,North,PayPal,3.0,227.5,False
4958,5959,Camera,Food,82.69,6,32.1,2024-07-22,South,PAYPAL,4.0,166.83,False
4959,5960,Headphones,Books,112.61,10,24.9,2024-12-11,North,Credit Card,5.0,905.72,False
4960,5961,Monitor,Sports,38.56,1,21.0,2022-08-22,West,credit card,4.0,1409.7,False
4961,5962,Camera,Electronics,135.36,12,31.9,2022-01-21,North,PAYPAL,3.0,132.84,False
4962,5963,Laptop,Home,61.11,5,18.0,2024-05-09,South,Cash,4.0,230.93,False
4963,5964,Keyboard,Food,25.41,7,24.3,2024-05-18,South,Cash,3.0,614.17,False
4964,5965,Headphones,Clothing,53.86,1,22.1,2022-03-08,South,credit card,4.0,19.13,False
4965,5966,Tablet,Food,395.89,13,6.7,2023-01-02,South,credit card,5.0,500.26,False
4966,5967,Laptop,Electronics,93.38,14,23.4,2023-02-21,North,Cash,2.0,,False
4967,5968,Monitor,Books,97.4,18,31.9,2022-09-07,West,PayPal,5.0,904.5,False
4968,5969,Keyboard,Sports,16.16,3,19.8,2023-03-31,East,Credit Card,4.0,31.75,False
4969,5970,Keyboard,Books,247.67,17,32.3,2024-07-24,North,Cash,5.0,7.81,True
4970,5971,Monitor,Clothing,112.08,6,28.9,2022-12-10,North,Credit Card,5.0,124.98,True
4971,5972,,Electronics,94.93,16,35.3,2024-12-05,West,credit card,5.0,100.26,False
4972,5973,Keyboard,Clothing,30.7,13,5.4,2022-05-20,South,Credit Card,5.0,312.5,False
4973,5974,Monitor,Clothing,67.97,19,18.1,2024-02-12,East,credit card,1.0,257.26,False
4974,5975,Monitor,Home,8.02,16,11.9,2024-02-21,West,Cash,3.0,1068.92,False
4975,5976,Tablet,Clothing,52.23,1,22.5,2022-02-03,North,Cash,5.0,113.0,False
4976,5977,Keyboard,Food,221.31,1,23.6,2022-07-30,North,PayPal,3.0,76.16,False
4977,5978,Headphones,Home,116.86,8,36.8,2024-04-15,West,Credit Card,2.0,206.46,False
4978,5979,Laptop,Food,288.19,17,11.3,2023-05-02,West,PAYPAL,4.0,33.71,False
4979,5980,Phone,Clothing,31.25,7,13.3,2022-07-26,East,PayPal,3.0,29.56,False
4980,5981,Other,Home,175.47,3,4.4,2023-01-02,West,Credit Card,4.0,207.84,False
4981,5982,Headphones,Books,40.79,13,37.3,2024-08-30,,credit card,3.0,226.8,False
4982,5983,Headphones,Food,253.02,15,37.2,2024-12-04,West,PAYPAL,3.0,140.92,True
4983,5984,Phone,Food,102.23,2,0.2,2024-04-28,North,Credit Card,1.0,18.44,False
4984,5985,Keyboard,Sports,28.94,15,22.1,2023-08-06,West,PayPal,4.0,,False
4985,5986,Camera,Electronics,27.61,18,7.9,2024-08-26,East,PayPal,4.0,160.64,False
4986,5987,Monitor,Food,18.08,18,31.1,2023-04-24,South,Credit Card,3.0,100.37,True
4987,5988,Camera,Sports,35.46,11,13.4,2022-04-08,South,PAYPAL,3.0,328.49,False
4988,5989,Phone,Books,6.1,14,38.3,2023-05-07,West,PayPal,4.0,126.93,False
4989,5990,Monitor,Food,12.17,15,20.8,2022-08-27,South,Cash,4.0,442.51,False
4990,5991,Phone,Clothing,141.64,3,22.7,2024-11-07,South,credit card,3.0,336.43,False
4991,5992,Monitor,Electronics,10.56,6,15.0,2023-12-05,North,PayPal,2.0,,False
4992,5993,Keyboard,Books,26.91,14,17.8,2024-02-05,West,Cash,4.0,48.48,True
4993,5994,Camera,Electronics,77.51,5,15.7,2023-08-06,West,PayPal,2.0,420.34,False
4994,5995,Laptop,Clothing,17.46,16,35.6,2024-08-04,North,Cash,5.0,63.08,False
4995,5996,Monitor,Electronics,71.9,8,14.8,2023-11-14,,Cash,2.0,511.79,False
4996,5997,Headphones,Clothing,798.5,10,27.2,2024-06-14,East,Credit Card,1.0,23.12,True
4997,5998,Keyboard,Clothing,28.15,16,8.1,2023-03-10,West,Cash,3.0,13.74,True
4998,5999,Other,Books,80.09,18,25.3,2022-04-21,South,Credit Card,5.0,212.49,True
4999,6000,Laptop,Electronics,225.45,15,31.4,2023-04-13,West,credit card,5.0,40.27,True
5000,1805,Keyboard,Books,18.44,10,20.7,2022-07-12,East,credit card,4.0,456.17,False
5001,4724,Tablet,Sports,136.13,9,5.5,2023-06-01,South,Credit Card,5.0,895.9,False
5002,5279,Laptop,Home,36.1,9,36.1,2023-12-06,,Cash,1.0,367.93,False
5003,3875,Headphones,Home,7.6,11,12.1,2024-12-22,East,PAYPAL,5.0,225.11,False
5004,3189,Phone,Home,206.69,12,24.9,2022-07-12,East,Cash,2.0,82.0,False
5005,3867,Headphones,Home,79.77,18,32.2,2023-06-23,East,PayPal,4.0,277.14,False
5006,4432,Laptop,Home,296.54,11,34.6,2024-10-25,South,Credit Card,3.0,240.31,False
5007,2730,Laptop,Sports,190.5,1,25.7,2022-04-01,East,Cash,3.0,415.8,False
5008,1475,Tablet,Home,187.11,12,23.4,2023-06-09,West,Cash,1.0,420.63,False
5009,5110,Monitor,Home,41.91,5,14.1,2024-02-10,South,PayPal,2.0,470.21,False
5010,2057,Laptop,Books,190.4,18,36.7,2024-04-17,East,Credit Card,4.0,139.39,False
5011,2010,Camera,Food,80.92,18,30.4,2022-06-05,South,PayPal,5.0,213.92,False
5012,3059,Camera,Food,167.66,8,22.2,2023-10-26,South,Cash,4.0,163.45,False
5013,5623,Monitor,Food,83.66,13,30.3,2023-06-13,South,Cash,4.0,2.37,False
5014,4144,,Sports,23.16,10,2.3,2022-09-24,West,Credit Card,1.0,79.94,False
5015,5617,Phone,Books,188.79,1,15.6,2022-12-28,West,PayPal,1.0,608.33,False
5016,3088,Camera,Books,13.66,6,4.1,2023-06-21,East,PAYPAL,3.0,13.84,False
5017,4451,Headphones,Sports,129.85,1,38.3,2024-04-10,North,Credit Card,4.0,351.46,False
5018,4049,Keyboard,Home,97.5,2,3.5,2024-05-19,South,Credit Card,1.0,114.56,False
5019,3464,Phone,Sports,57.5,14,21.8,2023-09-17,South,PayPal,1.0,77.72,False
5020,5295,Phone,Home,10.71,6,0.2,2023-08-12,South,Credit Card,2.0,302.25,False
5021,2830,Keyboard,Home,18.5,16,16.1,2024-10-08,West,Cash,5.0,138.8,False
5022,5808,Laptop,Books,44.74,9,38.8,2023-06-22,West,credit card,1.0,308.03,False
5023,5987,Monitor,Food,18.08,18,31.1,2023-04-24,South,Credit Card,3.0,100.37,True
5024,1905,Tablet,Clothing,57.09,9,34.2,2023-11-16,West,PayPal,1.0,240.55,False
5025,5720,Keyboard,Clothing,101.68,10,21.0,2023-10-28,West,PayPal,2.0,164.8,False
5026,5734,Headphones,Home,64.64,14,36.3,2022-12-01,South,Credit Card,5.0,320.49,False
5027,3587,Keyboard,Books,106.13,9,11.5,2023-05-02,North,PAYPAL,2.0,357.97,False
5028,2371,Tablet,Sports,62.6,1,21.6,2022-03-20,East,credit card,4.0,706.0,False
5029,1312,Laptop,Books,75.56,2,13.8,2022-11-14,North,PayPal,2.0,613.04,False
5030,3849,Tablet,Food,162.24,3,10.5,2024-04-18,South,Cash,2.0,0.77,False
5031,2466,Tablet,Home,146.04,19,4.2,2023-08-14,North,PayPal,4.0,108.88,False
5032,4107,Phone,Books,59.33,16,37.7,2023-11-08,West,Cash,3.0,472.44,False
5033,3956,Camera,Clothing,354.01,18,6.4,2024-08-11,South,PayPal,1.0,55.64,False
5034,1949,Headphones,Home,33.98,7,33.7,2022-08-09,West,PayPal,3.0,1529.13,False
5035,4958,Monitor,Home,26.32,7,16.0,2022-03-06,East,Credit Card,,422.34,False
5036,2552,Phone,Food,123.84,11,15.6,2023-07-17,East,PayPal,3.0,911.31,False
5037,5999,Other,Books,80.09,18,25.3,2022-04-21,South,Credit Card,5.0,212.49,True
5038,2638,Laptop,Books,55.97,4,21.1,2022-09-23,South,PayPal,3.0,1232.76,False
5039,1602,Keyboard,Sports,35.29,19,23.7,2022-12-09,West,PayPal,1.0,839.72,False
5040,2880,Monitor,Home,16.15,2,4.2,2023-02-04,East,Cash,5.0,59.75,False
5041,3308,Keyboard,Home,60.55,19,33.1,2023-08-16,North,PayPal,1.0,34.02,False
5042,1020,Headphones,Books,55.21,3,3.0,2024-10-18,South,Credit Card,5.0,189.64,False
5043,3275,Phone,Home,27.42,16,6.8,2024-05-29,South,credit card,5.0,63.85,False
5044,4168,Tablet,Books,48.17,10,27.0,2022-11-24,South,Cash,2.0,85.33,False
5045,4369,Keyboard,Books,32.11,8,28.6,2022-07-24,North,Cash,4.0,799.26,False
5046,5177,Camera,Clothing,29.4,14,5.8,2024-06-05,South,Credit Card,5.0,257.82,False
5047,1874,Tablet,Clothing,4.84,2,8.2,2023-10-08,North,PayPal,1.0,479.77,False
5048,5791,Monitor,Clothing,58.84,7,9.5,2023-03-02,West,Cash,1.0,754.81,False
5049,1859,Headphones,Sports,21.76,15,9.1,2024-03-03,North,Cash,4.0,138.54,False
5050,1849,Headphones,Home,121.79,15,12.7,2023-08-10,East,PAYPAL,3.0,103.16,False
5051,5143,Keyboard,Electronics,70.15,8,23.4,2024-08-30,North,PayPal,2.0,385.44,False
5052,1540,Monitor,Electronics,108.07,14,37.5,2023-03-20,North,PayPal,2.0,220.26,False
5053,4017,Other,Sports,9.01,11,1.2,2022-06-26,South,credit card,2.0,104.17,False
5054,4183,Phone,Home,10.6,14,14.8,2023-11-04,East,Credit Card,5.0,28.38,False
5055,5699,Tablet,Books,59.31,12,4.2,2023-10-03,South,PAYPAL,2.0,533.07,False
5056,2219,Phone,Home,181.07,2,19.0,2022-05-05,South,PayPal,1.0,181.67,False
5057,2139,Laptop,Food,170.97,14,23.6,2023-03-21,South,Cash,5.0,287.8,False
5058,4680,Headphones,Books,25.17,13,4.6,2024-11-23,West,PayPal,2.0,270.26,False
5059,3681,Camera,Clothing,170.4,12,4.3,2022-06-01,West,Credit Card,3.0,1526.22,False
5060,3776,Tablet,Home,136.57,1,23.6,2022-05-20,North,Cash,2.0,124.0,False
5061,5050,Monitor,Clothing,97.33,15,1.4,2022-02-03,South,PayPal,2.0,59.26,True
5062,2493,Keyboard,Home,,7,31.7,2022-06-22,North,Cash,3.0,350.71,False
5063,5329,Headphones,Home,137.05,18,18.4,2024-03-05,North,Credit Card,4.0,271.83,False
5064,1928,Phone,Books,52.01,14,36.4,2023-10-22,,Credit Card,1.0,,False
5065,5484,Monitor,Electronics,35.17,9,7.0,2022-04-06,North,PayPal,5.0,79.62,False
5066,1695,Monitor,Food,10.34,14,37.4,2024-05-24,West,credit card,2.0,709.41,False
5067,2662,Keyboard,Books,25.44,11,5.5,2024-11-30,East,credit card,1.0,847.64,False
5068,3394,Phone,Home,24.0,3,29.5,2022-06-21,South,credit card,1.0,5.18,False
5069,3730,Laptop,Books,21.25,16,22.2,2023-09-12,South,PayPal,4.0,7.78,False
5070,2363,Laptop,Electronics,31.11,6,35.7,2023-06-07,East,Cash,3.0,109.62,False
5071,2936,Tablet,Books,312.95,13,1.6,2022-07-24,West,PayPal,3.0,81.37,False
5072,3954,Laptop,Clothing,11.59,5,23.7,2023-09-14,West,PAYPAL,4.0,194.78,False
5073,3809,Keyboard,Clothing,117.55,14,6.0,2024-11-11,West,Credit Card,,539.33,False
5074,2913,Tablet,Home,23.91,15,0.1,2024-02-16,West,PayPal,3.0,781.15,False
5075,4853,Other,Home,97.55,8,10.7,2023-03-17,West,PAYPAL,,259.58,False
5076,5935,Monitor,Electronics,117.28,19,16.9,2022-02-03,,Credit Card,2.0,1239.14,False
5077,2805,Laptop,Food,55.46,18,30.3,2022-01-17,East,Credit Card,3.0,200.09,False
5078,1756,Camera,Sports,32.53,4,24.7,2024-08-04,West,PayPal,1.0,143.86,False
5079,5595,Monitor,Electronics,9.77,8,34.7,2022-05-02,North,credit card,5.0,,False
5080,3611,Laptop,Food,17.4,12,3.7,2024-09-08,North,credit card,4.0,164.0,False
5081,3204,Camera,Electronics,27.12,12,28.0,2023-11-12,South,credit card,1.0,219.54,False
5082,3988,Laptop,Food,8.62,19,6.6,2023-08-18,North,Cash,1.0,439.73,False
5083,4230,Headphones,Clothing,46.99,17,7.8,2023-09-02,North,Cash,2.0,717.98,False
5084,4988,Headphones,Home,13.88,1,7.0,2024-02-21,West,Credit Card,3.0,129.21,False
5085,5341,Laptop,Home,59.93,3,32.7,2022-07-11,East,PayPal,5.0,234.65,False
5086,3700,Headphones,Clothing,67.76,9,12.0,2023-02-28,South,credit card,1.0,491.13,False
5087,2641,Camera,Home,5.45,18,6.2,2024-11-27,East,PayPal,5.0,532.98,False
5088,1846,Laptop,Books,57.46,6,21.7,2024-03-07,East,PayPal,2.0,160.99,False
5089,5729,Laptop,Sports,65.43,17,34.4,2022-02-02,West,Credit Card,3.0,147.47,True
5090,2902,Laptop,Food,70.77,9,7.7,2024-12-25,North,credit card,4.0,101.62,False
5091,3631,Headphones,Electronics,44297.93782277377,16,31.1,2024-06-30,North,PayPal,2.0,590.6,False
5092,4172,Tablet,Electronics,230.26,6,2.1,2024-03-20,North,Credit Card,1.0,72.12,False
5093,5672,Phone,Food,15.9,5,21.9,2024-04-17,North,PayPal,1.0,153.73,False
5094,4120,Monitor,Books,124.64,15,31.1,2024-06-24,East,Credit Card,5.0,298.01,False
5095,2470,Camera,Food,110.79,8,30.0,2024-09-14,East,Credit Card,1.0,43.85,False
5096,3743,Keyboard,Books,52.97,10,7.2,2023-08-20,South,Cash,2.0,276.48,False
5097,1612,Tablet,Sports,146.93,7,32.7,2024-09-26,South,PayPal,2.0,140.92,False
5098,2305,Keyboard,Home,63.95,4,35.1,2023-09-09,West,Credit Card,2.0,19.42,False
5099,5732,Tablet,Books,64.45,11,10.0,2022-02-12,South,Credit Card,2.0,515.23,False
5100,1937,Other,Clothing,16.96,1,5.5,2024-02-21,South,Credit Card,3.0,175.38,False
5101,3659,Keyboard,Books,131.07,10,27.7,2023-01-23,East,PAYPAL,1.0,21.49,False
5102,3455,Monitor,Clothing,98.67,1,11.8,2022-03-25,North,PayPal,4.0,177.57,False
5103,2395,Keyboard,Clothing,82.49,1,23.0,2022-09-03,South,Cash,2.0,6.71,False
5104,1259,Headphones,Sports,282.98,14,25.4,2023-11-11,South,Credit Card,1.0,233.58,True
5105,5105,Headphones,Electronics,10.7,1,14.7,2023-11-08,South,PayPal,5.0,111.35,True
5106,2683,Laptop,Sports,40086.33287386305,19,16.8,2024-08-11,South,PayPal,5.0,143.11,False
5107,4253,Phone,Sports,30.11,11,34.4,2023-07-01,South,PayPal,5.0,380.03,True
5108,1762,Phone,Food,206.15,2,16.4,2023-12-15,South,Credit Card,2.0,49.62,False
5109,3729,Monitor,Clothing,182.38,18,4.3,2024-08-06,West,Credit Card,4.0,275.79,False
5110,5831,Phone,Clothing,27.72,10,32.7,2023-08-22,West,Credit Card,3.0,705.27,False
5111,1012,Headphones,Clothing,30.03,4,29.2,2023-06-27,South,credit card,1.0,559.81,False
5112,3544,Tablet,Food,197.84,4,29.8,2023-08-02,East,PAYPAL,3.0,181.13,False
5113,5498,Tablet,Food,85.09,4,24.0,2022-07-24,North,Credit Card,5.0,23.2,False
5114,2722,Phone,Electronics,53.59,8,30.2,2023-02-06,North,PayPal,5.0,8.1,True
5115,3702,Keyboard,Home,14.3,17,8.3,2024-08-25,South,Cash,5.0,66.52,False
5116,5057,Phone,Food,27.51,5,19.0,2023-09-22,North,Cash,5.0,696.36,False
5117,4951,Headphones,Sports,8.23,4,24.9,2024-03-12,West,Credit Card,2.0,776.25,False
5118,5406,Keyboard,Food,17.07,3,24.6,2023-11-06,North,PAYPAL,,223.53,False
5119,3962,Monitor,Home,111.78,10,11.2,2024-08-11,East,Cash,5.0,73.66,False
5120,3940,Phone,Books,194.37,2,7.4,2022-09-14,West,PayPal,5.0,252.87,False
5121,1376,Tablet,Clothing,91.02,7,1.3,2022-07-06,South,Cash,3.0,420.63,False
5122,4895,Phone,Food,46.66,4,3.4,2023-07-03,South,Cash,4.0,139.56,True
5123,1627,Camera,Books,47.13,13,28.2,2023-11-10,West,Credit Card,2.0,224.19,False
5124,2984,Keyboard,Clothing,55.8,8,5.9,2022-12-29,South,credit card,1.0,,False
5125,2888,Keyboard,Clothing,15.11,9,9.4,2022-12-12,North,Credit Card,2.0,351.98,False
5126,3637,Tablet,Clothing,85.34,11,0.8,2023-04-12,East,PayPal,3.0,600.21,False
5127,1487,Camera,Books,131.29,10,5.7,2023-01-08,West,Cash,3.0,509.21,False
5128,3172,Tablet,Home,51.8,19,38.2,2024-02-21,North,Credit Card,3.0,558.29,False
5129,4554,Keyboard,Clothing,84.82,2,29.5,2022-01-27,North,PayPal,1.0,43.0,True
5130,2429,Headphones,Electronics,29.85,15,26.7,2022-02-11,West,PayPal,4.0,53.01,False
5131,1076,Keyboard,Sports,78.36,17,13.6,2022-12-28,West,PayPal,2.0,190.32,False
5132,2053,Camera,Sports,109.23,4,19.1,2022-04-21,West,Credit Card,5.0,11.55,False
5133,5040,Monitor,Sports,82.96,9,32.9,2022-06-04,North,Credit Card,5.0,376.47,False
5134,3906,Other,Electronics,25.96,12,15.2,2024-12-25,North,PayPal,1.0,906.78,False
5135,1817,Phone,Electronics,159.48,11,33.7,2023-11-11,East,Credit Card,4.0,325.01,False
5136,1514,Monitor,Sports,194.92,16,37.0,2022-03-29,North,Credit Card,2.0,329.08,False
5137,5193,Keyboard,Books,37.56,8,39.2,2023-09-21,North,credit card,5.0,866.76,False
5138,2881,Camera,Clothing,162.75,3,10.8,2022-02-13,West,credit card,4.0,303.03,False
5139,3693,Tablet,Food,41.15,5,14.3,2023-06-03,North,PayPal,3.0,290.49,False
5140,3348,Tablet,Electronics,13.92,19,35.8,2023-05-22,East,Credit Card,2.0,759.12,False
5141,1661,Headphones,Clothing,25.78,19,36.9,2022-05-09,North,credit card,4.0,442.97,False
5142,2074,Tablet,Home,43.65,15,6.8,2024-03-18,South,PayPal,5.0,184.56,False
5143,4516,Tablet,Sports,15.48,10,36.7,2024-12-07,East,PayPal,1.0,199.43,False
5144,3811,Keyboard,Clothing,32.25,10,39.6,2022-04-13,East,Credit Card,4.0,35.48,False
5145,1656,Tablet,Food,91.11,11,19.0,2023-11-04,East,Credit Card,2.0,109.93,False
5146,5558,Keyboard,Food,12.39,7,32.8,2022-06-03,North,PayPal,4.0,198.72,False
5147,3775,Laptop,Clothing,71.27,12,0.0,2023-01-04,East,Cash,1.0,1838.61,False
5148,5841,Monitor,Clothing,32.55,6,11.4,2023-06-10,East,Credit Card,5.0,1091.93,False
5149,2065,Camera,Food,200.39,7,22.8,2024-09-07,South,PayPal,1.0,151.8,False
